2253910.00
2253910.00
2253910.00
2253910.00
2253910.00
2253910.00
2253910.00
2253910.00
2253910.00
2253910.00
2253910.00
2253910.00
2253910.00
2253910.00
2253910.00
2253910.00
2253910.00
2253910.00
2253910.00
2253910.00
2253910.00
2253910.00
2253910.00
2253910.00
2253910.00
2253910.00
2253910.00
2253910.00
2253910.00
2253910.00
2253910.00
2253910.00
2253910.00
2253910.00
2253910.00
2253910.00
2253910.00
2253910.00
2253910.00
2253910.00
2253910.00
2253910.00
2253910.00
2253910.00
2253910.00
2253910.00
2253910.00
2253910.00
2253910.00
2253910.00
2253910.00
2253910.00
2253910.00
2253910.00
2253910.00
2253910.00
2253910.00
2253910.00
2253910.00
2253910.00
2253910.00
2253910.00
2253910.00
2253910.00
2253910.00
2253910.00
2253910.00
2253910.00
2253910.00
2253910.00
2253910.00
2253910.00
2253910.00
2253910.00
2253910.00
2253910.00
2253910.00
2253910.00
2253910.00
2253910.00
2253910.00
2253910.00
2253910.00
2253910.00
2253910.00
2253910.00
2253910.00
2253910.00
2253910.00
2253910.00
2253910.00
2253910.00
2253910.00
2253910.00
2253910.00
2253910.00
2253910.00
2253910.00
2253910.00
2253910.00
2253910.00
2253910.00
2253910.00
2253910.00
2253910.00
2253910.00
2253910.00
2253910.00
2253910.00
2253910.00
2253910.00
2253910.00
2253910.00
2253910.00
2253910.00
2253910.00
2253910.00
2253910.00
2253910.00
2253910.00
2253910.00
2253910.00
2253910.00
2253910.00
2253910.00
2253910.00
2253910.00
2253910.00
2253910.00
2253910.00
2253910.00
2253910.00
2253910.00
2253910.00
2253910.00
2253910.00
2253910.00
2253910.00
2253910.00
2253910.00
2253910.00
2253910.00
2253910.00
2253910.00
2253910.00
2253910.00
2253910.00
2253910.00
2253910.00
2253910.00
2253910.00
2253910.00
2253910.00
2253910.00
2253910.00
2253910.00
2253910.00
2253910.00
2253910.00
2253910.00
2253910.00
2253910.00
2253910.00
2253910.00
2253910.00
2253910.00
2253910.00
2253910.00
2253910.00
2253910.00
2253910.00
2253910.00
2253910.00
2253910.00
2253910.00
2253910.00
2253910.00
2253910.00
2253910.00
2253910.00
2253910.00
2253910.00
2253910.00
2253910.00
2253910.00
2253910.00
2253910.00
2253910.00
2253910.00
2253910.00
2253910.00
2253910.00
2253910.00
2253910.00
2253910.00
2253910.00
2253910.00
2253910.00
2253910.00
2253910.00
2253910.00
2253910.00
2253910.00
2253910.00
2253910.00
2253910.00
2253910.00
2253910.00
2253910.00
2253910.00
2253910.00
2253910.00
2253910.00
2253910.00
2253910.00
2253910.00
2253910.00
2253910.00
2253910.00
2253910.00
2253910.00
2253910.00
2253910.00
2253910.00
2253910.00
2253910.00
2253910.00
2253910.00
2253910.00
2253910.00
2253910.00
2253910.00
2253910.00
2253910.00
2253910.00
2253910.00
2253910.00
2253910.00
2253910.00
2253910.00
2253910.00
2253910.00
2253910.00
2253910.00
2253910.00
2253910.00
2253910.00
2253910.00
2253910.00
2253910.00
2253910.00
2253910.00
2253910.00
2253910.00
2253910.00
2253910.00
2253910.00
1199450.00
1181286.67
1181286.67
1152976.71
1138102.21
1117776.01
1117776.01
1117776.01
1112720.83
1112720.83
1112720.83
1096839.02
1096839.02
1096828.22
1069342.63
1069342.63
1069342.63
1052276.41
1052276.41
1052220.87
1052220.87
1052220.87
1052159.47
1052159.47
1044529.87
1034616.57
1031568.54
1031438.72
1022415.67
1013146.67
1013146.67
 994308.40
 994308.40
 987855.58
 987855.58
 984634.67
 964905.94
 944656.24
 944656.24
 944656.24
 944656.24
 944533.44
 942887.46
 930495.88
 920104.36
 914047.65
 914047.65
 892164.70
 887128.20
 879588.33
 879588.33
 864308.12
 856530.90
 848659.38
 848654.53
 842272.84
 839093.40
 839093.40
 837526.69
 837526.69
 837526.69
 832684.08
 827225.76
 821805.77
 821805.77
 818387.17
 818387.17
 813217.56
 813217.56
 812850.33
 811496.24
 803024.27
 801026.59
 794128.49
 794128.49
 782404.64
 778162.15
 777004.98
 771118.81
 769029.41
 769029.41
 769029.41
 755668.44
 749434.78
 743287.86
 735175.65
 735175.65
 735175.65
 731954.35
 728429.15
 726180.20
 716446.50
 709309.87
 699703.40
 697257.39
 697233.83
 697233.83
 697233.83
 697233.83
 697233.83
 696939.84
 695748.04
 682370.55
 677997.26
 675336.08
 670494.01
 665431.46
 660996.81
 660996.81
 660272.03
 645530.19
 624405.64
 618602.37
 618561.24
 613129.00
 613129.00
 613129.00
 613129.00
 608592.20
 604454.06
 591045.18
 589217.99
 578818.07
 578818.07
 575045.23
 573502.99
 570869.54
 570622.23
 564849.81
 557154.37
 556974.56
 544904.41
 537165.90
 535303.50
 535203.51
 533623.30
 533623.30
 530054.96
 527976.99
 527976.99
 524635.84
 522628.43
 516684.29
 513041.90
 512877.76
 510638.01
 509893.45
 508748.86
 503673.22
 492333.67
 483318.90
 482983.21
 482983.21
 482881.39
 474616.91
 474609.09
 473239.95
 469043.65
 462313.63
 454345.38
 454345.38
 454134.88
 443755.07
 439617.68
 439617.68
 428879.11
 428879.11
 426263.16
 421919.24
 417111.59
 417109.94
 414274.44
 413439.05
 411185.02
 401407.52
 399092.10
 398911.26
 385878.97
 385878.97
 379889.86
 377421.74
 374041.83
 374041.83
 374041.83
 365171.74
 359278.61
 357987.53
 355086.19
 355086.19
 355086.19
 355086.19
 354115.66
 354115.66
 353289.43
 353289.43
 353240.38
 353088.35
 352524.16
 352501.18
 347800.91
 346514.13
 345894.32
 337819.84
 333451.46
 333432.41
 332669.81
 331418.26
 327434.20
 325667.92
 324799.87
 319346.26
 317373.71
 313805.93
 313167.13
 313167.13
 313167.13
 311414.17
 308440.06
 301373.51
 301373.51
 300642.06
 300642.06
 297362.17
 295454.76
 295454.76
 290173.81
 290173.81
 282361.00
 279459.08
 276022.07
 272851.63
 269548.09
 269548.09
 269548.09
 267966.28
 267512.79
 262085.83
 262085.83
 258248.92
 253309.09
 246387.05
 244674.70
 237502.89
 237334.85
 235624.75
 234587.55
 226283.75
 209512.13
 209326.56
 207174.00
 203864.41
 195424.34
 192229.35
 192229.35
 180541.88
 177094.48
 174745.65
 171183.77
 153677.16
 141621.18
 137759.11
 135892.05
 128232.57
 121818.96
 121692.39
 121692.39
 121692.39
 120870.26
 120870.26
 120870.26
 119826.69
 115336.64
 111169.26
 111169.26
  98731.85
  91363.83
  83197.35
  83197.35
  79497.09
  60259.98
  56292.09
  56292.09
  41595.50
  41595.50
  36672.96
  22811.42
  20486.09
  16611.51
  11831.59
  11687.99
  11439.64
  11439.64
  11328.67
  11328.67
  11303.67
  11299.05
  11173.27
  11173.21
  11091.80
  11081.17
  11032.03
  11014.63
  10982.83
  10914.93
  10689.15
  10689.15
  10677.25
  10553.23
  10459.17
  10358.87
  10309.51
  10260.86
  10256.68
  10170.22
  10165.49
  10142.34
  10140.28
  10117.34
  10064.65
  10011.71
  10010.95
   9993.50
   9989.91
   9883.27
   9878.03
   9789.23
   9789.23
   9789.23
   9662.25
   9633.86
   9632.94
   9590.25
   9590.25
   9590.05
   9590.05
   9590.05
   9474.50
   9474.50
   9474.50
   9474.50
   9470.33
   9470.33
   9442.44
   9442.44
   9311.50
   9238.50
   9238.50
   9238.50
   9238.50
   9238.50
   9238.50
   9238.50
   9238.50
   9238.50
   9238.50
   9238.50
   9112.00
   9112.00
   9112.00
   9013.00
   9013.00
   9013.00
   9013.00
   9013.00
   9013.00
   9013.00
   9013.00
   9013.00
   9013.00
   9013.00
   9013.00
   9013.00
   9013.00
   9013.00
   9013.00
   9013.00
   9013.00
   9013.00
   9013.00
   9013.00
   8993.00
   8922.00
   8909.00
   8909.00
   8909.00
   8816.00
   8816.00
   8816.00
   8770.00
   8762.00
   8762.00
   8762.00
   8762.00
   8762.00
   8762.00
   8762.00
   8762.00
   8762.00
   8762.00
   8762.00
   8752.00
   8752.00
   8752.00
   8752.00
   8752.00
   8752.00
   8676.00
   8676.00
   8662.00
   8662.00
   8662.00
   8602.00
   8527.00
   8470.00
   8470.00
   8470.00
   8470.00
   8470.00
   8470.00
   8470.00
   8470.00
   8470.00
   8470.00
   8431.50
   8431.50
   8431.00
   8424.00
   8415.00
   8350.50
   8343.25
   8343.25
   8324.25
   8294.50
   8294.50
   8294.50
   8232.50
   8232.50
   8225.36
   8225.36
   8224.20
   8163.33
   8163.33
   8154.57
   8125.57
   8125.57
   8112.50
   8112.50
   8041.00
   8041.00
   8041.00
   8041.00
   8041.00
   8041.00
   8041.00
   8041.00
   8041.00
   8041.00
   8041.00
   8041.00
   8041.00
   8041.00
   8041.00
   8041.00
   8041.00
   8041.00
   8041.00
   8041.00
   7961.00
   7961.00
   7961.00
   7961.00
   7961.00
   7961.00
   7961.00
   7961.00
   7961.00
   7961.00
   7961.00
   7961.00
   7961.00
   7961.00
   7933.00
   7922.00
   7922.00
   7922.00
   7922.00
   7922.00
   7922.00
   7922.00
   7922.00
   7922.00
   7922.00
   7922.00
   7922.00
   7922.00
   7922.00
   7922.00
   7922.00
   7922.00
   7922.00
   7922.00
   7922.00
   7922.00
   7908.00
   7908.00
   7908.00
   7908.00
   7908.00
   7908.00
   7903.00
   7903.00
   7903.00
   7903.00
   7903.00
   7896.00
   7876.00
   7876.00
   7876.00
   7876.00
   7876.00
   7876.00
   7876.00
   7876.00
   7876.00
   7876.00
   7863.00
   7863.00
   7863.00
   7863.00
   7863.00
   7863.00
   7863.00
   7863.00
   7863.00
   7863.00
   7863.00
   7863.00
   7863.00
   7863.00
