#HC SA ACO BT EXATO ALL
csp100\\_42     27.6711  243.0 102.0     32.3331  251.6 34.6       37.0227 240.0 98.3      11.4404   368.3 321.6        11.3554 351.3 324.3        73.8325 240.0
csp100\\_43     16.5789  227.0 102.0     27.5180  247.3 50.3       32.2277 232.0 99.0       5.6778   364.6 325.6         6.3006 343.6 312.3        34.6233 232.0
csp100\\_44     15.8095  225.0 102.0     28.0785  241.0 45.6       33.5735 237.0 93.0       5.7029   364.6 321.3         4.2294 334.6 310.3        36.0911 237.0
csp150\\_67     122.9611 349.0 140.0     167.7493 395.6 49.0      177.5754 386.0 146.0     47.4881   582.0 503.6        39.8183 509.6 456.6       190.9429 386.0
csp150\\_68     107.5191 347.0 140.0     156.1783 384.6 60.6      175.6358 380.0 149.0     35.1768   600.0 518.3        31.0726 490.3 447.6       189.1863 380.0
csp150\\_69     73.6804  352.0 142.0     152.7513 432.3 68.6      166.3722 397.0 148.0     37.5174   598.3 503.3        36.4308 533.0 681.0       178.1048 397.0
csp200\\_86     402.6408 571.0 249.0     651.7173 643.0 90.0      748.1522 612.0 198.3    226.6417   960.0 793.6       243.9982 811.3 707.3       829.8991 612.0
csp200\\_87     202.4217 520.0 250.0     524.5502 605.0 94.6      582.0481 568.0 199.0     97.9521   925.3 784.0       102.1412 780.6 706.3       590.8635 568.0
csp200\\_88     150.5260 507.0 252.0     521.8145 601.3 92.0      584.5416 583.0 198.6     85.4223   923.6 777.0        92.4814 775.6 702.0       593.6881 583.0
csp250\\_111    199.4931 655.0 360.0     949.2324 790.0 178.0    1785.0666 747.0 245.0    128.6715  1193.3 1019.6      148.7475 943.3 865.3      1884.8217 747.0
csp250\\_112    204.0749 671.0 359.0     830.3431 758.0 150.0    1898.2388 750.0 246.3    107.7587  1145.6 967.6       152.1997 940.0 850.7      1872.2440 750.0
csp250\\_113    192.7779 665.0 361.0     957.6591 751.0 137.6    1981.3187 742.0 247.6     92.4310  1161.3 992.0       133.7747 906.3 821.3      1842.4232 742.0
