 389890.00
 389890.00
 389890.00
 389890.00
 389890.00
 389890.00
 389890.00
 389890.00
 389890.00
 389890.00
 389890.00
 389890.00
 389890.00
 389890.00
 389890.00
 389890.00
 389890.00
 389890.00
 389890.00
 389890.00
 389890.00
 389890.00
 389890.00
 389890.00
 389890.00
 389890.00
 389890.00
 389890.00
 389890.00
 389890.00
 389890.00
 389890.00
 389890.00
 389890.00
 389890.00
 389890.00
 389890.00
 389890.00
 389890.00
 389890.00
 389890.00
 389890.00
 389890.00
 389890.00
 389890.00
 389890.00
 389890.00
 389890.00
 389890.00
 389890.00
 389890.00
 389890.00
 389890.00
 389890.00
 389890.00
 389890.00
 389890.00
 389890.00
 389890.00
 389890.00
 389890.00
 389890.00
 389890.00
 389890.00
 389890.00
 389890.00
 389890.00
 389890.00
 389890.00
 389890.00
 389890.00
 389890.00
 389890.00
 389890.00
 389890.00
 389890.00
 389890.00
 389890.00
 389890.00
 389890.00
 389890.00
 389890.00
 389890.00
 389890.00
 389890.00
 389890.00
 389890.00
 389890.00
 389890.00
 389890.00
 389890.00
 389890.00
 389890.00
 389890.00
 389890.00
 389890.00
 389890.00
 389890.00
 389890.00
 389890.00
 224482.12
 217617.94
 217617.94
 213973.23
 208197.53
 202052.00
 202052.00
 202052.00
 197670.33
 193080.53
 188265.11
 188265.11
 188265.11
 183220.23
 183220.23
 177918.18
 177918.18
 172341.20
 169411.57
 169411.57
 169411.57
 169411.57
 169411.57
 169411.57
 166478.77
 166478.77
 163396.83
 157049.20
 153705.74
 153705.74
 146785.85
 146785.85
 146785.85
 146785.85
 146785.85
 139469.85
 139469.85
 139469.85
 139469.85
 139469.85
 139469.85
 139469.85
 131710.00
 131710.00
 131710.00
 131710.00
 131710.00
 131710.00
 127726.00
 123431.67
 119004.00
 114434.07
 114434.07
 114434.07
 109718.86
 104939.16
  99901.75
  99901.75
  94689.56
  94689.56
  89288.22
  89288.22
  89288.22
  89288.22
  89288.22
  89288.22
  83698.11
  83634.72
  77895.42
  71903.88
  65608.00
  59080.86
  59080.86
  59080.86
  52287.88
  52287.88
  52287.88
  52287.88
  52287.88
  52287.88
  52287.88
  45227.28
  45227.28
  45227.28
  45227.28
  45227.28
  45227.28
  37867.91
  37867.91
  37867.91
  37867.91
  37867.91
  30302.80
  30302.80
  30302.80
  30287.87
  30287.87
  30212.27
  30212.27
  30212.27
  30212.27
  22305.05
  13954.84
  13954.84
  13880.60
  13880.60
  11763.26
  11763.26
  11763.26
   9632.38
   9181.88
   5255.80
   5209.00
   5209.00
   5209.00
   5130.00
   5130.00
   5130.00
   5130.00
   5130.00
   5130.00
   5130.00
   5130.00
   5130.00
   5130.00
   5130.00
   5130.00
   5130.00
   5130.00
   5130.00
   5130.00
   5130.00
 389890.00
 389890.00
 389890.00
 389890.00
 389890.00
 389890.00
 389890.00
 389890.00
 389890.00
 389890.00
 389890.00
 389890.00
 389890.00
 389890.00
 389890.00
 389890.00
 389890.00
 389890.00
 389890.00
 389890.00
 389890.00
 389890.00
 389890.00
 389890.00
 389890.00
 389890.00
 389890.00
 389890.00
 389890.00
 389890.00
 389890.00
 389890.00
 389890.00
 389890.00
 389890.00
 389890.00
 389890.00
 389890.00
 389890.00
 389890.00
 389890.00
 389890.00
 389890.00
 389890.00
 389890.00
 389890.00
 389890.00
 389890.00
 389890.00
 389890.00
 389890.00
 389890.00
 389890.00
 389890.00
 389890.00
 389890.00
 389890.00
 389890.00
 389890.00
 389890.00
 389890.00
 389890.00
 389890.00
 389890.00
 389890.00
 389890.00
 389890.00
 389890.00
 389890.00
 389890.00
 389890.00
 389890.00
 389890.00
 389890.00
 389890.00
 389890.00
 389890.00
 389890.00
 389890.00
 389890.00
 389890.00
 389890.00
 389890.00
 389890.00
 389890.00
 389890.00
 389890.00
 389890.00
 389890.00
 389890.00
 389890.00
 389890.00
 389890.00
 389890.00
 389890.00
 389890.00
 389890.00
 389890.00
 389890.00
 389890.00
 220543.84
 213516.22
 213516.22
 209784.73
 203871.52
 197579.67
 197579.67
 197579.67
 193093.67
 188394.59
 183464.52
 183464.52
 183464.52
 178299.52
 178299.52
 172871.23
 172871.23
 167161.47
 164162.08
 164162.08
 164162.08
 164162.08
 164162.08
 164162.08
 161159.45
 161159.45
 158004.14
 151505.37
 148082.30
 148082.30
 140997.66
 140997.66
 140997.66
 140997.66
 140997.66
 133507.46
 133507.46
 133507.46
 133507.46
 133507.46
 133507.46
 133507.46
 125562.86
 125562.86
 125562.86
 125562.86
 125562.86
 125562.86
 121484.00
 117087.43
 112554.33
 107875.59
 107875.59
 107875.59
 103048.12
  98154.61
  92997.27
  92997.27
  87660.98
  87660.98
  82131.04
  82131.04
  82131.04
  82131.04
  82131.04
  82131.04
  76407.83
  76342.92
  70466.98
  64332.78
  57887.00
  51204.45
  51204.45
  51204.45
  44249.73
  44249.73
  44249.73
  44249.73
  44249.73
  44249.73
  44249.73
  37021.02
  37021.02
  37021.02
  37021.02
  37021.02
  37021.02
  29486.43
  29486.43
  29486.43
  29486.43
  29486.43
  21741.20
  21741.20
  21741.20
  21725.91
  21725.91
  21648.51
  21648.51
  21648.51
  21648.51
  13553.02
   5004.00
   5004.00
   4928.00
   4928.00
   4928.00
   4928.00
   4928.00
   4928.00
   4928.00
   4904.50
   4904.50
   4904.50
   4904.50
   4904.50
   4848.00
   4848.00
   4848.00
   4848.00
   4848.00
   4848.00
   4844.00
   4844.00
   4844.00
   4844.00
   4823.00
   4823.00
   4812.00
   4812.00
   4812.00
   4812.00
   4812.00
   4812.00
   4812.00
   4812.00
   4812.00
 736104.00
 736104.00
 736104.00
 736104.00
 736104.00
 736104.00
 736104.00
 736104.00
 736104.00
 736104.00
 736104.00
 736104.00
 736104.00
 736104.00
 736104.00
 736104.00
 736104.00
 736104.00
 736104.00
 736104.00
 736104.00
 736104.00
 736104.00
 736104.00
 736104.00
 736104.00
 736104.00
 736104.00
 736104.00
 736104.00
 736104.00
 736104.00
 736104.00
 736104.00
 736104.00
 736104.00
 736104.00
 736104.00
 736104.00
 736104.00
 736104.00
 736104.00
 736104.00
 736104.00
 736104.00
 736104.00
 736104.00
 736104.00
 736104.00
 736104.00
 736104.00
 736104.00
 736104.00
 736104.00
 736104.00
 736104.00
 736104.00
 736104.00
 736104.00
 736104.00
 736104.00
 736104.00
 736104.00
 736104.00
 736104.00
 736104.00
 736104.00
 736104.00
 736104.00
 736104.00
 736104.00
 736104.00
 736104.00
 736104.00
 736104.00
 736104.00
 736104.00
 736104.00
 736104.00
 736104.00
 736104.00
 736104.00
 736104.00
 736104.00
 736104.00
 736104.00
 736104.00
 736104.00
 736104.00
 736104.00
 736104.00
 736104.00
 736104.00
 736104.00
 736104.00
 736104.00
 736104.00
 736104.00
 736104.00
 736104.00
 736104.00
 736104.00
 736104.00
 736104.00
 736104.00
 736104.00
 736104.00
 736104.00
 736104.00
 736104.00
 736104.00
 736104.00
 736104.00
 736104.00
 736104.00
 736104.00
 736104.00
 736104.00
 736104.00
 736104.00
 736104.00
 736104.00
 736104.00
 736104.00
 736104.00
 736104.00
 736104.00
 736104.00
 736104.00
 736104.00
 736104.00
 736104.00
 736104.00
 736104.00
 736104.00
 736104.00
 736104.00
 736104.00
 736104.00
 736104.00
 736104.00
 736104.00
 736104.00
 736104.00
 736104.00
 736104.00
 736104.00
 736104.00
 736104.00
 736104.00
 410044.51
 401214.08
 401214.08
 401214.08
 394209.59
 386904.17
 379296.35
 379296.35
 379296.35
 371363.19
 371363.19
 371363.19
 363107.54
 363107.54
 363107.54
 354497.72
 348398.88
 342129.61
 335661.27
 335661.27
 335661.27
 335661.27
 335661.27
 328984.94
 322080.36
 322080.36
 314939.06
 314939.06
 314939.06
 307547.89
 307547.89
 307547.89
 307547.89
 307547.89
 307547.89
 299907.62
 299907.62
 299907.62
 299907.62
 292112.31
 292112.31
 292112.31
 292112.31
 292112.31
 287998.22
 285976.63
 285976.63
 285976.63
 285976.63
 285976.63
 277585.42
 273275.68
 268885.54
 268885.54
 259852.88
 257519.70
 257519.70
 252797.22
 248035.33
 238047.59
 238047.59
 238047.59
 235497.76
 235497.76
 230378.14
 230378.14
 222527.46
 214253.06
 214253.06
 214253.06
 214253.06
 205782.40
 205782.40
 205782.40
 205782.40
 199906.80
 193905.10
 187768.50
 181492.34
 175071.00
 175071.00
 168503.22
 168474.49
 168473.72
 168473.72
 161732.71
 154847.57
 154772.82
 154772.82
 154772.82
 154772.82
 147725.27
 147725.27
 140506.15
 140506.15
 133110.68
 133110.68
 133110.68
 133084.28
 133084.28
 118107.08
 110136.86
 110136.86
 102050.68
 102050.68
 102050.68
 102050.68
  93664.40
  93631.84
  93631.84
  93631.84
  93631.84
  93631.84
  93631.84
  93360.80
  93360.80
  87699.58
  87699.58
  87098.22
  87098.22
  87098.22
  87098.22
  87098.22
  87098.22
  87098.22
  78340.79
  78340.79
  70036.87
  70036.87
  70036.87
  70036.87
  66922.21
  57720.68
  57720.68
  57720.68
  57720.68
  57720.68
  57720.68
  57716.96
  52960.00
  50744.50
  40987.71
  40987.71
  40987.71
  40987.71
  33321.55
  33321.55
  33321.55
  33321.55
  30978.37
  23303.51
  23303.51
  21575.26
  19874.46
  17952.09
  17952.09
  17952.09
  17952.09
  17952.09
  17952.09
  17952.09
  17952.09
  17919.09
  17919.09
  14505.21
  14505.21
  12935.05
  12935.05
  12935.05
  12870.05
   7836.00
   7788.50
   7788.50
   7788.50
   7788.50
   7788.50
   7788.50
   7788.50
   7788.50
   7788.50
   7788.50
   7788.50
   7788.50
   7788.50
   7602.00
   7602.00
   7602.00
   7459.00
   7459.00
   7459.00
   7459.00
   7459.00
   7459.00
   7403.00
   7403.00
   7403.00
   7403.00
   7304.00
   7304.00
   7304.00
   7304.00
   7304.00
   7304.00
   7304.00
   7304.00
   7304.00
   7304.00
   7304.00
   7304.00
   7304.00
   7304.00
   7304.00
   7279.50
   7210.00
   7210.00
   7210.00
   7210.00
   7210.00
   7210.00
   7210.00
   7210.00
   7210.00
   7210.00
   7210.00
   7164.00
   7164.00
   7164.00
   7164.00
   7164.00
   7164.00
   7164.00
   7164.00
   7164.00
   7164.00
   7164.00
   7164.00
 736104.00
 736104.00
 736104.00
 736104.00
 736104.00
 736104.00
 736104.00
 736104.00
 736104.00
 736104.00
 736104.00
 736104.00
 736104.00
 736104.00
 736104.00
 736104.00
 736104.00
 736104.00
 736104.00
 736104.00
 736104.00
 736104.00
 736104.00
 736104.00
 736104.00
 736104.00
 736104.00
 736104.00
 736104.00
 736104.00
 736104.00
 736104.00
 736104.00
 736104.00
 736104.00
 736104.00
 736104.00
 736104.00
 736104.00
 736104.00
 736104.00
 736104.00
 736104.00
 736104.00
 736104.00
 736104.00
 736104.00
 736104.00
 736104.00
 736104.00
 736104.00
 736104.00
 736104.00
 736104.00
 736104.00
 736104.00
 736104.00
 736104.00
 736104.00
 736104.00
 736104.00
 736104.00
 736104.00
 736104.00
 736104.00
 736104.00
 736104.00
 736104.00
 736104.00
 736104.00
 736104.00
 736104.00
 736104.00
 736104.00
 736104.00
 736104.00
 736104.00
 736104.00
 736104.00
 736104.00
 736104.00
 736104.00
 736104.00
 736104.00
 736104.00
 736104.00
 736104.00
 736104.00
 736104.00
 736104.00
 736104.00
 736104.00
 736104.00
 736104.00
 736104.00
 736104.00
 736104.00
 736104.00
 736104.00
 736104.00
 736104.00
 736104.00
 736104.00
 736104.00
 736104.00
 736104.00
 736104.00
 736104.00
 736104.00
 736104.00
 736104.00
 736104.00
 736104.00
 736104.00
 736104.00
 736104.00
 736104.00
 736104.00
 736104.00
 736104.00
 736104.00
 736104.00
 736104.00
 736104.00
 736104.00
 736104.00
 736104.00
 736104.00
 736104.00
 736104.00
 736104.00
 736104.00
 736104.00
 736104.00
 736104.00
 736104.00
 736104.00
 736104.00
 736104.00
 736104.00
 736104.00
 736104.00
 736104.00
 736104.00
 736104.00
 736104.00
 736104.00
 736104.00
 736104.00
 736104.00
 405104.21
 396139.99
 396139.99
 396139.99
 389029.37
 381613.27
 373890.18
 373890.18
 373890.18
 365836.81
 365836.81
 365836.81
 357456.08
 357456.08
 357456.08
 348715.80
 342524.56
 336160.30
 329593.96
 329593.96
 329593.96
 329593.96
 329593.96
 322816.47
 315807.27
 315807.27
 308557.77
 308557.77
 308557.77
 301054.62
 301054.62
 301054.62
 301054.62
 301054.62
 301054.62
 293298.59
 293298.59
 293298.59
 293298.59
 285385.17
 285385.17
 285385.17
 285385.17
 285385.17
 281208.74
 279156.52
 279156.52
 279156.52
 279156.52
 279156.52
 270638.17
 266263.13
 261806.47
 261806.47
 252636.95
 250268.43
 250268.43
 245474.39
 240640.35
 230501.28
 230501.28
 230501.28
 227912.82
 227912.82
 222715.62
 222715.62
 214745.99
 206346.23
 206346.23
 206346.23
 206346.23
 197747.22
 197747.22
 197747.22
 197747.22
 191782.60
 185689.97
 179460.39
 173089.14
 166570.50
 166570.50
 159903.21
 159874.05
 159873.26
 159873.26
 153030.12
 146040.65
 145964.77
 145964.77
 145964.77
 145964.77
 138810.44
 138810.44
 131481.94
 131481.94
 123974.41
 123974.41
 123974.41
 123947.61
 123947.61
 108743.49
 100652.51
 100652.51
  92443.82
  92443.82
  92443.82
  92443.82
  83930.47
  83897.41
  83897.41
  83897.41
  83897.41
  83897.41
  83897.41
  83622.27
  83622.27
  77875.27
  77875.27
  77264.80
  77264.80
  77264.80
  77264.80
  77264.80
  77264.80
  77264.80
  68374.68
  68374.68
  59944.94
  59944.94
  59944.94
  59944.94
  56783.09
  47442.14
  47442.14
  47442.14
  47442.14
  47442.14
  47442.14
  47438.37
  42609.33
  40360.26
  30455.65
  30455.65
  30455.65
  30455.65
  22673.33
  22673.33
  22673.33
  22673.33
  20294.65
  12503.50
  12503.50
  10749.06
   9022.49
   7071.00
   7071.00
   7071.00
   7071.00
   7071.00
   7071.00
   7071.00
   7037.50
   7037.50
   7037.50
   7037.50
   7037.50
   7037.50
   6950.00
   6950.00
   6950.00
   6950.00
   6950.00
   6950.00
   6950.00
   6950.00
   6950.00
   6950.00
   6851.00
   6851.00
   6794.67
   6794.67
   6779.50
   6731.00
   6731.00
   6731.00
   6731.00
   6714.00
   6714.00
   6714.00
   6714.00
   6714.00
   6714.00
   6714.00
   6714.00
   6714.00
   6714.00
   6714.00
   6714.00
   6714.00
   6714.00
   6714.00
   6714.00
   6665.00
   6665.00
   6665.00
   6665.00
   6665.00
   6619.00
   6619.00
   6619.00
   6619.00
   6619.00
   6606.00
   6579.00
   6579.00
   6579.00
   6579.00
   6579.00
   6579.00
   6579.00
   6579.00
   6579.00
   6579.00
   6579.00
   6579.00
   6579.00
   6579.00
   6579.00
   6579.00
   6579.00
 736104.00
 736104.00
 736104.00
 736104.00
 736104.00
 736104.00
 736104.00
 736104.00
 736104.00
 736104.00
 736104.00
 736104.00
 736104.00
 736104.00
 736104.00
 736104.00
 736104.00
 736104.00
 736104.00
 736104.00
 736104.00
 736104.00
 736104.00
 736104.00
 736104.00
 736104.00
 736104.00
 736104.00
 736104.00
 736104.00
 736104.00
 736104.00
 736104.00
 736104.00
 736104.00
 736104.00
 736104.00
 736104.00
 736104.00
 736104.00
 736104.00
 736104.00
 736104.00
 736104.00
 736104.00
 736104.00
 736104.00
 736104.00
 736104.00
 736104.00
 736104.00
 736104.00
 736104.00
 736104.00
 736104.00
 736104.00
 736104.00
 736104.00
 736104.00
 736104.00
 736104.00
 736104.00
 736104.00
 736104.00
 736104.00
 736104.00
 736104.00
 736104.00
 736104.00
 736104.00
 736104.00
 736104.00
 736104.00
 736104.00
 736104.00
 736104.00
 736104.00
 736104.00
 736104.00
 736104.00
 736104.00
 736104.00
 736104.00
 736104.00
 736104.00
 736104.00
 736104.00
 736104.00
 736104.00
 736104.00
 736104.00
 736104.00
 736104.00
 736104.00
 736104.00
 736104.00
 736104.00
 736104.00
 736104.00
 736104.00
 736104.00
 736104.00
 736104.00
 736104.00
 736104.00
 736104.00
 736104.00
 736104.00
 736104.00
 736104.00
 736104.00
 736104.00
 736104.00
 736104.00
 736104.00
 736104.00
 736104.00
 736104.00
 736104.00
 736104.00
 736104.00
 736104.00
 736104.00
 736104.00
 736104.00
 736104.00
 736104.00
 736104.00
 736104.00
 736104.00
 736104.00
 736104.00
 736104.00
 736104.00
 736104.00
 736104.00
 736104.00
 736104.00
 736104.00
 736104.00
 736104.00
 736104.00
 736104.00
 736104.00
 736104.00
 736104.00
 736104.00
 736104.00
 736104.00
 736104.00
 400163.92
 391065.90
 391065.90
 391065.90
 383849.15
 376322.36
 368484.00
 368484.00
 368484.00
 360310.44
 360310.44
 360310.44
 351804.62
 351804.62
 351804.62
 342933.89
 336650.24
 330190.99
 323526.64
 323526.64
 323526.64
 323526.64
 323526.64
 316648.00
 309534.19
 309534.19
 302176.49
 302176.49
 302176.49
 294561.35
 294561.35
 294561.35
 294561.35
 294561.35
 294561.35
 286689.55
 286689.55
 286689.55
 286689.55
 278658.02
 278658.02
 278658.02
 278658.02
 278658.02
 274419.26
 272336.41
 272336.41
 272336.41
 272336.41
 272336.41
 263690.92
 259250.58
 254727.40
 254727.40
 245421.02
 243017.15
 243017.15
 238151.56
 233245.37
 222954.97
 222954.97
 222954.97
 220327.88
 220327.88
 215053.11
 215053.11
 206964.53
 198439.39
 198439.39
 198439.39
 198439.39
 189712.04
 189712.04
 189712.04
 189712.04
 183658.40
 177474.83
 171152.27
 164685.93
 158070.00
 158070.00
 151303.20
 151273.60
 151272.80
 151272.80
 144327.52
 137233.73
 137156.72
 137156.72
 137156.72
 137156.72
 129895.61
 129895.61
 122457.73
 122457.73
 114838.15
 114838.15
 114838.15
 114810.95
 114810.95
  99379.90
  91168.16
  91168.16
  82836.95
  82836.95
  82836.95
  82836.95
  74196.53
  74162.99
  74162.99
  74162.99
  74162.99
  74162.99
  74162.99
  73883.73
  73883.73
  68050.96
  68050.96
  67431.38
  67431.38
  67431.38
  67431.38
  67431.38
  67431.38
  67431.38
  58408.57
  58408.57
  49853.01
  49853.01
  49853.01
  49853.01
  46643.97
  37163.61
  37163.61
  37163.61
  37163.61
  37163.61
  37163.61
  37159.77
  32258.67
  29976.03
  19923.58
  19923.58
  19923.58
  19923.58
  12025.11
  12025.11
  12025.11
  12025.11
   9610.93
   6862.00
   6862.00
   6812.00
   6812.00
   6812.00
   6812.00
   6812.00
   6809.50
   6705.00
   6705.00
   6705.00
   6705.00
   6657.00
   6592.00
   6592.00
   6592.00
   6592.00
   6509.00
   6509.00
   6509.00
   6509.00
   6509.00
   6472.00
   6472.00
   6472.00
   6472.00
   6472.00
   6472.00
   6472.00
   6468.00
   6468.00
   6445.33
   6445.33
   6445.33
   6439.00
   6402.00
   6402.00
   6334.00
   6333.67
   6333.67
   6307.50
   6307.50
   6298.50
   6298.50
   6298.50
   6298.50
   6298.50
   6252.50
   6252.50
   6252.50
   6252.50
   6252.50
   6249.50
   6249.50
   6249.50
   6249.50
   6249.50
   6249.50
   6249.50
   6249.50
   6249.50
   6249.50
   6249.50
   6249.50
   6249.50
   6249.50
   6249.50
   6249.50
1336618.00
1336618.00
1336618.00
1336618.00
1336618.00
1336618.00
1336618.00
1336618.00
1336618.00
1336618.00
1336618.00
1336618.00
1336618.00
1336618.00
1336618.00
1336618.00
1336618.00
1336618.00
1336618.00
1336618.00
1336618.00
1336618.00
1336618.00
1336618.00
1336618.00
1336618.00
1336618.00
1336618.00
1336618.00
1336618.00
1336618.00
1336618.00
1336618.00
1336618.00
1336618.00
1336618.00
1336618.00
1336618.00
1336618.00
1336618.00
1336618.00
1336618.00
1336618.00
1336618.00
1336618.00
1336618.00
1336618.00
1336618.00
1336618.00
1336618.00
1336618.00
1336618.00
1336618.00
1336618.00
1336618.00
1336618.00
1336618.00
1336618.00
1336618.00
1336618.00
1336618.00
1336618.00
1336618.00
1336618.00
1336618.00
1336618.00
1336618.00
1336618.00
1336618.00
1336618.00
1336618.00
1336618.00
1336618.00
1336618.00
1336618.00
1336618.00
1336618.00
1336618.00
1336618.00
1336618.00
1336618.00
1336618.00
1336618.00
1336618.00
1336618.00
1336618.00
1336618.00
1336618.00
1336618.00
1336618.00
1336618.00
1336618.00
1336618.00
1336618.00
1336618.00
1336618.00
1336618.00
1336618.00
1336618.00
1336618.00
1336618.00
1336618.00
1336618.00
1336618.00
1336618.00
1336618.00
1336618.00
1336618.00
1336618.00
1336618.00
1336618.00
1336618.00
1336618.00
1336618.00
1336618.00
1336618.00
1336618.00
1336618.00
1336618.00
1336618.00
1336618.00
1336618.00
1336618.00
1336618.00
1336618.00
1336618.00
1336618.00
1336618.00
1336618.00
1336618.00
1336618.00
1336618.00
1336618.00
1336618.00
1336618.00
1336618.00
1336618.00
1336618.00
1336618.00
1336618.00
1336618.00
1336618.00
1336618.00
1336618.00
1336618.00
1336618.00
1336618.00
1336618.00
1336618.00
1336618.00
1336618.00
1336618.00
1336618.00
1336618.00
1336618.00
1336618.00
1336618.00
1336618.00
1336618.00
1336618.00
1336618.00
1336618.00
1336618.00
1336618.00
1336618.00
1336618.00
1336618.00
1336618.00
1336618.00
1336618.00
1336618.00
1336618.00
1336618.00
1336618.00
1336618.00
1336618.00
1336618.00
1336618.00
1336618.00
1336618.00
1336618.00
1336618.00
1336618.00
1336618.00
1336618.00
1336618.00
1336618.00
1336618.00
1336618.00
1336618.00
1336618.00
1336618.00
1336618.00
1336618.00
1336618.00
1336618.00
1336618.00
1336618.00
1336618.00
1336618.00
 765700.76
 754065.92
 741966.90
 741966.90
 741966.90
 729483.00
 719636.26
 719636.26
 719636.26
 709505.38
 709505.38
 699034.43
 691720.59
 688210.31
 680646.47
 669182.50
 657311.23
 645005.65
 645005.65
 645005.65
 632250.45
 632250.45
 632250.45
 632250.45
 632250.45
 632250.45
 632250.45
 632250.45
 632250.45
 623492.06
 623492.06
 623492.06
 623492.06
 616776.21
 616776.21
 616776.21
 616776.21
 616776.21
 612277.06
 602941.74
 600549.74
 598230.20
 593412.00
 588494.85
 583573.91
 582789.00
 582789.00
 576050.17
 571833.03
 567496.65
 556975.00
 556975.00
 550751.53
 541559.02
 541559.02
 541559.02
 541559.02
 541559.02
 541559.02
 541559.02
 541559.02
 541559.02
 537001.60
 537001.60
 525641.32
 513954.04
 513954.04
 513954.04
 509341.00
 505410.64
 499316.15
 496246.81
 491535.95
 489505.03
 478810.88
 478810.88
 478778.04
 478778.04
 478778.04
 472315.29
 459058.89
 445374.26
 445374.26
 445374.26
 445374.26
 445374.26
 439332.22
 439332.22
 439332.22
 439332.22
 439332.22
 433727.77
 429914.96
 427626.88
 427626.88
 425554.99
 425554.99
 424015.16
 424015.16
 421773.02
 421364.17
 416806.28
 416806.28
 416806.28
 416806.28
 413030.72
 405658.74
 405658.74
 397881.35
 393991.17
 388720.08
 388084.11
 386080.86
 380081.01
 374072.57
 374072.57
 374037.49
 374037.49
 374037.49
 374037.49
 374037.49
 374037.49
 374037.49
 374037.49
 374037.49
 374037.49
 370060.84
 370060.84
 370060.84
 370060.84
 370035.34
 370035.34
 362514.62
 362514.62
 359961.47
 359961.47
 356708.79
 352000.58
 351783.86
 351422.26
 349375.66
 346802.38
 346802.38
 345182.85
 345182.85
 345182.85
 345182.85
 345182.85
 345182.85
 336580.21
 336323.71
 329940.19
 329519.29
 329022.69
 326846.72
 323238.85
 318091.47
 315322.49
 306042.67
 304952.62
 303620.38
 296097.96
 290933.70
 289622.99
 287015.25
 287015.25
 287015.25
 282621.29
 275599.78
 275599.78
 274728.68
 264692.09
 263981.13
 263890.01
 259172.11
 257042.10
 253015.65
 253015.65
 246982.83
 236412.84
 225639.00
 214652.71
 211649.98
 211649.98
 200386.46
 200386.46
 200041.28
 198724.26
 195568.14
 193772.86
 190117.36
 190117.36
 178427.90
 178427.90
 178427.90
 166501.35
 166455.69
 161639.37
 158195.85
 152875.91
 152482.01
 149797.90
 148485.43
 148485.43
 138888.11
 138701.50
 137570.61
 137570.61
 137188.12
 132488.17
 132488.17
 120685.90
 119414.28
 118868.93
 108104.24
  96540.87
  95364.97
  92782.02
  90624.62
  90469.78
  89224.39
  87317.85
  87296.19
  83756.60
  83756.60
  83756.60
  81536.34
  81536.34
  81376.07
  80666.08
  77543.34
  77175.59
  77175.59
  74180.87
  70220.79
  70220.58
  70220.58
  68852.58
  68852.58
  66086.92
  66086.92
  66086.92
  61835.63
  60314.54
  58489.57
  54968.07
  54968.07
  53224.67
  52510.76
  50399.36
  48976.20
  48976.20
  44241.17
  42527.74
  42369.02
  42331.66
  41130.58
  40516.20
  34599.90
  34310.33
  33801.06
  30607.77
  21536.67
  21404.90
  19678.16
  19678.16
  15436.69
  15436.69
  15436.69
  15436.69
  15306.77
  13601.39
  11414.00
  10341.42
  10339.12
  10080.88
  10027.21
   9793.96
   9691.14
   9554.59
   9506.25
   9498.44
   9478.87
   9439.45
   9436.20
   9431.96
   9402.38
   9402.38
   9307.16
   9282.40
   9230.92
   9230.92
   9230.92
   9173.50
   9117.94
   9117.94
   9089.55
   9089.55
   9080.60
   8997.87
   8956.80
   8936.29
   8931.14
   8931.14
   8930.27
   8930.27
   8899.00
   8839.00
   8839.00
   8800.50
   8800.50
   8800.50
   8800.50
   8791.00
   8776.00
   8723.00
   8723.00
   8698.00
   8698.00
   8698.00
   8678.75
   8678.75
   8678.75
   8678.75
   8678.75
   8678.75
   8675.75
   8674.88
   8658.62
   8658.62
   8658.62
   8658.62
   8658.62
   8646.50
   8646.50
   8628.75
   8628.75
   8628.75
   8623.67
   8623.67
   8623.67
   8623.67
   8623.67
   8621.90
   8612.05
   8612.05
   8612.05
   8612.05
   8612.05
   8612.05
   8612.05
   8610.47
   8610.47
   8606.88
   8604.25
   8602.00
   8602.00
   8602.00
   8601.00
   8601.00
   8600.13
   8598.90
   8597.25
   8597.25
   8597.25
   8597.25
   8597.25
   8597.25
   8597.25
   8597.25
