2253910.00
2253910.00
2253910.00
2253910.00
2253910.00
2253910.00
2253910.00
2253910.00
2253910.00
2253910.00
2253910.00
2253910.00
2253910.00
2253910.00
2253910.00
2253910.00
2253910.00
2253910.00
2253910.00
2253910.00
2253910.00
2253910.00
2253910.00
2253910.00
2253910.00
2253910.00
2253910.00
2253910.00
2253910.00
2253910.00
2253910.00
2253910.00
2253910.00
2253910.00
2253910.00
2253910.00
2253910.00
2253910.00
2253910.00
2253910.00
2253910.00
2253910.00
2253910.00
2253910.00
2253910.00
2253910.00
2253910.00
2253910.00
2253910.00
2253910.00
2253910.00
2253910.00
2253910.00
2253910.00
2253910.00
2253910.00
2253910.00
2253910.00
2253910.00
2253910.00
2253910.00
2253910.00
2253910.00
2253910.00
2253910.00
2253910.00
2253910.00
2253910.00
2253910.00
2253910.00
2253910.00
2253910.00
2253910.00
2253910.00
2253910.00
2253910.00
2253910.00
2253910.00
2253910.00
2253910.00
2253910.00
2253910.00
2253910.00
2253910.00
2253910.00
2253910.00
2253910.00
2253910.00
2253910.00
2253910.00
2253910.00
2253910.00
2253910.00
2253910.00
2253910.00
2253910.00
2253910.00
2253910.00
2253910.00
2253910.00
2253910.00
2253910.00
2253910.00
2253910.00
2253910.00
2253910.00
2253910.00
2253910.00
2253910.00
2253910.00
2253910.00
2253910.00
2253910.00
2253910.00
2253910.00
2253910.00
2253910.00
2253910.00
2253910.00
2253910.00
2253910.00
2253910.00
2253910.00
2253910.00
2253910.00
2253910.00
2253910.00
2253910.00
2253910.00
2253910.00
2253910.00
2253910.00
2253910.00
2253910.00
2253910.00
2253910.00
2253910.00
2253910.00
2253910.00
2253910.00
2253910.00
2253910.00
2253910.00
2253910.00
2253910.00
2253910.00
2253910.00
2253910.00
2253910.00
2253910.00
2253910.00
2253910.00
2253910.00
2253910.00
2253910.00
2253910.00
2253910.00
2253910.00
2253910.00
2253910.00
2253910.00
2253910.00
2253910.00
2253910.00
2253910.00
2253910.00
2253910.00
2253910.00
2253910.00
2253910.00
2253910.00
2253910.00
2253910.00
2253910.00
2253910.00
2253910.00
2253910.00
2253910.00
2253910.00
2253910.00
2253910.00
2253910.00
2253910.00
2253910.00
2253910.00
2253910.00
2253910.00
2253910.00
2253910.00
2253910.00
2253910.00
2253910.00
2253910.00
2253910.00
2253910.00
2253910.00
2253910.00
2253910.00
2253910.00
2253910.00
2253910.00
2253910.00
2253910.00
2253910.00
2253910.00
2253910.00
2253910.00
2253910.00
2253910.00
2253910.00
2253910.00
2253910.00
2253910.00
2253910.00
2253910.00
2253910.00
2253910.00
2253910.00
2253910.00
2253910.00
2253910.00
2253910.00
2253910.00
2253910.00
2253910.00
2253910.00
2253910.00
2253910.00
2253910.00
2253910.00
2253910.00
2253910.00
2253910.00
2253910.00
2253910.00
2253910.00
2253910.00
2253910.00
2253910.00
2253910.00
2253910.00
2253910.00
2253910.00
2253910.00
2253910.00
2253910.00
2253910.00
2253910.00
2253910.00
2253910.00
2253910.00
2253910.00
2253910.00
2253910.00
2253910.00
2253910.00
2253910.00
2253910.00
2253910.00
2253910.00
2253910.00
2253910.00
2253910.00
2253910.00
2253910.00
2253910.00
2253910.00
2253910.00
2253910.00
2253910.00
2253910.00
2253910.00
2253910.00
2253910.00
2253910.00
2253910.00
2253910.00
2253910.00
2253910.00
2253910.00
2253910.00
2253910.00
2253910.00
2253910.00
2253910.00
2253910.00
2253910.00
2253910.00
2253910.00
2253910.00
2253910.00
2253910.00
2253910.00
2253910.00
2253910.00
2253910.00
2253910.00
2253910.00
2253910.00
2253910.00
2253910.00
2253910.00
2253910.00
2253910.00
2253910.00
2253910.00
2253910.00
2253910.00
2253910.00
2253910.00
2253910.00
2253910.00
2253910.00
2253910.00
2253910.00
2253910.00
2253910.00
2253910.00
2253910.00
2253910.00
2253910.00
2253910.00
2253910.00
2253910.00
2253910.00
2253910.00
2253910.00
2253910.00
2253910.00
2253910.00
2253910.00
2253910.00
2253910.00
2253910.00
2253910.00
2253910.00
2253910.00
2253910.00
2253910.00
2253910.00
2253910.00
2253910.00
2253910.00
2253910.00
2253910.00
2253910.00
2253910.00
2253910.00
2253910.00
2253910.00
2253910.00
2253910.00
2253910.00
2253910.00
2253910.00
2253910.00
2253910.00
2253910.00
2253910.00
2253910.00
2253910.00
2253910.00
2253910.00
2253910.00
2253910.00
2253910.00
2253910.00
2253910.00
2253910.00
2253910.00
2253910.00
2253910.00
2253910.00
2253910.00
2253910.00
2253910.00
2253910.00
 802116.41
 793759.59
 793759.59
 785054.46
 785054.46
 780783.10
 780741.07
 780741.07
 780741.07
 772104.62
 763243.50
 763243.50
 745247.22
 736128.31
 727140.31
 727140.31
 727140.31
 727140.31
 727118.51
 727118.51
 727058.58
 717561.25
 717561.25
 717340.56
 717340.56
 717340.56
 717340.56
 717340.56
 707840.69
 707840.69
 707840.69
 698174.45
 698174.45
 698174.45
 698174.45
 698174.45
 698174.45
 688525.14
 688525.14
 678637.25
 678637.25
 678637.25
 678637.25
 678637.25
 668750.93
 668750.93
 668750.93
 668703.54
 668703.54
 668527.40
 668527.40
 660285.71
 660285.71
 658434.05
 648478.63
 648336.74
 643121.05
 632861.71
 632444.87
 632439.80
 632439.80
 632439.80
 632439.80
 632439.80
 632300.86
 632242.96
 632175.66
 621657.88
 621606.16
 610907.47
 610893.53
 610893.53
 600133.09
 589029.53
 589029.53
 589029.53
 589029.53
 588868.99
 588868.99
 578060.75
 572545.73
 561234.91
 561234.91
 561234.91
 561234.91
 561096.56
 561096.56
 549629.00
 544172.36
 543847.71
 543753.75
 543672.78
 543629.24
 543611.67
 537609.13
 525748.63
 519940.11
 519940.11
 519940.11
 519921.51
 519921.51
 519830.11
 519830.11
 519830.11
 519813.84
 519714.30
 519698.03
 519698.03
 513876.75
 513876.75
 510488.85
 507577.30
 489031.76
 489031.76
 488768.39
 488768.39
 488768.39
 488616.99
 488616.99
 475767.15
 475767.15
 469250.07
 466979.42
 466749.04
 466570.54
 466555.38
 459877.92
 459741.68
 459741.68
 459628.67
 459628.67
 454946.53
 454777.83
 454777.83
 454443.94
 454422.41
 454422.41
 454422.09
 454422.09
 450712.29
 449216.56
 442681.54
 442611.58
 434583.28
 426720.07
 426720.07
 424105.44
 416195.41
 413662.33
 413448.63
 413448.63
 413419.45
 413419.45
 413419.45
 413419.45
 413342.60
 408950.45
 408950.45
 408950.45
 405951.22
 405779.40
 404173.13
 401868.12
 401868.12
 401777.14
 387862.50
 387854.17
 386705.93
 376940.19
 376940.19
 376940.19
 376940.19
 373127.06
 373127.06
 366032.26
 366032.26
 366032.26
 359565.73
 359416.81
 359362.65
 356993.04
 355726.26
 355691.93
 341095.22
 337574.03
 337574.03
 337574.03
 337504.12
 337504.12
 329791.29
 329791.29
 329791.29
 329791.29
 329791.29
 322054.20
 322054.20
 322054.20
 318682.59
 314962.52
 314962.52
 314839.53
 314839.53
 314839.53
 299849.92
 299849.92
 299770.48
 299757.38
 299757.38
 292103.82
 292103.82
 292103.82
 288451.96
 288416.83
 288416.83
 288416.83
 288416.83
 288416.83
 288177.07
 288072.12
 288072.12
 287223.51
 286743.24
 286743.24
 285028.03
 285028.03
 285028.03
 285028.03
 283894.48
 279205.59
 279205.59
 275161.97
 275159.02
 275159.02
 268149.71
 267991.51
 267880.33
 267873.98
 267873.98
 267781.71
 267781.71
 267725.38
 266262.59
 241919.23
 228627.27
 226993.42
 226993.42
 226993.42
 226403.13
 226313.50
 219036.36
 219036.36
 219036.36
 219036.36
 219036.36
 219036.36
 210459.17
 210459.17
 209285.00
 208991.73
 208991.73
 208971.99
 208971.99
 208967.61
 208967.61
 208835.50
 208590.65
 208534.37
 208534.37
 208534.37
 208456.89
 208456.89
 208456.89
 208452.51
 208452.51
 208406.46
 208406.46
 208406.46
 208406.46
 201262.33
 193232.13
 193204.06
 190285.11
 190285.11
 190174.19
 190172.96
 190139.78
 190139.78
 190025.47
 190025.47
 190023.94
 190000.89
 190000.89
 190000.89
 190000.89
 190000.89
 190000.89
 190000.89
 189982.15
 184037.23
 184037.23
 183895.80
 183895.80
 183895.80
 183895.80
 183756.22
 183558.40
 166109.07
 166109.07
 166109.07
 166109.07
 166109.07
 166109.07
 166082.03
 166082.03
 166064.32
 166064.32
 166064.32
 166064.32
 166064.32
 166064.32
 165943.14
 165943.14
 149975.73
 149975.73
 149975.73
 149975.73
 149975.73
 149975.73
 149147.44
 137787.36
 137787.36
 137787.36
 137783.58
 137671.38
 137671.38
 137671.38
 137671.38
 132000.52
 131865.39
 131541.55
 131541.55
 131541.55
 131541.55
 131541.55
 126904.86
 126904.86
 126904.86
 126901.30
 126667.99
 126616.20
 126568.68
 121696.67
 121696.67
 119318.67
 110616.37
 110616.37
 110616.37
 110616.37
 110616.37
 110432.90
 110432.90
 110432.90
 110359.43
 109561.38
  95384.82
  95384.82
  95302.81
  95298.95
  95298.95
  95152.28
  95152.28
  95152.28
  95152.28
  76442.48
  75978.14
  65655.07
  65655.07
  65655.07
  59175.78
  59175.78
  59172.84
  58396.70
  58013.95
  55933.21
  55933.21
  55906.70
  55906.70
  55848.75
  55848.75
  55848.75
  55848.75
  55802.10
  55715.18
  55561.31
  55561.31
  55427.90
  55411.21
  55411.21
  55265.36
  45166.73
  43153.33
  43153.33
  43144.75
  43144.75
  43144.75
  28664.34
  28664.34
  28657.05
  28632.20
  28632.20
  28632.20
  28630.54
  15470.00
  15470.00
  15470.00
  15470.00
  15470.00
  15470.00
  15470.00
  15470.00
  15470.00
  15470.00
  15470.00
  15334.00
  15334.00
  15334.00
  15174.00
  15174.00
  14845.00
  14835.00
  14835.00
  14797.00
  14797.00
  14797.00
  14543.00
  14543.00
  14543.00
  14543.00
  14501.00
  14501.00
  14320.00
  14320.00
  14320.00
  14320.00
  14320.00
  14320.00
  14320.00
  14320.00
  14320.00
  14320.00
  14320.00
  14320.00
  14049.00
  14049.00
  14049.00
  13969.00
  13969.00
  13969.00
  13969.00
  13969.00
  13969.00
  13810.50
  13810.50
  13762.00
  13515.00
  13515.00
  13515.00
  13515.00
  13497.67
  13416.67
  13416.67
  13369.33
  13173.00
  13071.67
  13071.67
  12963.00
  12963.00
  12923.00
  12923.00
  12923.00
  12923.00
  12761.00
  12761.00
  12738.00
  12738.00
  12505.00
  12505.00
  12348.00
  12348.00
  12348.00
  12287.00
  12287.00
  12287.00
  12285.83
  12285.83
  12285.83
  12285.83
  12138.50
  11974.50
  11974.50
  11974.50
  11974.50
  11974.50
  11563.00
  11563.00
  11494.00
  11494.00
  11494.00
  11491.75
  11446.33
  11446.33
  11446.33
  11446.33
  11430.33
  11430.33
  11297.00
  11297.00
  11288.83
  11159.00
  11159.00
  11159.00
  11159.00
  11114.50
  11114.50
  11114.50
  11114.00
  11114.00
  11114.00
  11114.00
  11070.50
  11070.50
  10867.00
  10867.00
  10867.00
  10867.00
  10867.00
  10867.00
  10862.00
  10862.00
  10862.00
  10862.00
  10862.00
  10862.00
  10862.00
  10862.00
  10767.75
  10767.75
  10766.75
  10766.75
  10766.75
  10739.00
  10739.00
  10739.00
  10719.00
  10660.00
  10660.00
  10660.00
  10660.00
  10660.00
  10562.00
  10562.00
  10562.00
  10562.00
  10562.00
  10562.00
  10562.00
  10562.00
  10562.00
  10398.00
  10258.00
  10258.00
  10258.00
  10258.00
  10258.00
  10096.00
  10087.00
  10069.00
  10069.00
  10069.00
  10069.00
  10069.00
  10069.00
  10069.00
   9989.00
   9989.00
   9989.00
   9985.00
   9985.00
   9985.00
   9985.00
   9985.00
   9985.00
   9985.00
   9985.00
   9985.00
   9900.50
   9900.50
   9884.00
   9860.33
   9800.00
   9800.00
   9779.00
   9779.00
   9779.00
   9779.00
   9779.00
   9754.50
   9701.57
   9600.50
   9573.56
   9568.00
   9563.00
   9540.84
   9540.84
   9540.84
   9497.00
   9467.00
   9467.00
   9467.00
   9417.00
   9343.00
   9301.00
   9301.00
   9280.00
   9280.00
   9280.00
   9280.00
   9280.00
   9280.00
   9280.00
   9280.00
   9260.50
   9250.00
   9250.00
   9115.00
   9115.00
   9079.00
   9079.00
   9079.00
   9079.00
   9079.00
   9079.00
   9079.00
   8968.50
   8875.00
   8875.00
   8875.00
   8875.00
   8875.00
   8875.00
   8812.00
   8812.00
   8733.00
   8733.00
   8733.00
   8640.00
   8640.00
   8640.00
   8619.00
   8526.00
   8526.00
   8526.00
   8526.00
   8481.50
   8481.50
   8481.50
   8481.50
   8481.50
   8481.50
   8481.50
   8481.50
   8481.50
   8459.50
   8459.50
   8459.50
   8454.50
   8454.50
   8454.50
   8454.50
   8454.50
   8454.50
   8454.50
   8388.25
   8320.00
   8312.00
   8312.00
   8299.50
   8299.50
   8299.50
   8288.50
   8288.50
   8239.00
   8218.00
   8218.00
   8214.00
   8214.00
   8214.00
   8168.00
   8107.00
   8092.00
   8088.00
   8088.00
   8088.00
   8042.00
   8042.00
   8042.00
   8042.00
   8042.00
   8042.00
   8042.00
   8042.00
   8042.00
   8042.00
   8041.00
   8041.00
   8041.00
   8007.00
   8007.00
   8007.00
   8007.00
   8007.00
   8007.00
   8007.00
   7975.00
   7975.00
   7975.00
   7975.00
   7975.00
   7975.00
   7975.00
   7956.00
   7956.00
   7932.00
   7906.00
   7906.00
   7906.00
   7864.00
   7864.00
   7864.00
   7864.00
   7864.00
   7864.00
   7864.00
   7864.00
   7864.00
   7864.00
   7864.00
   7864.00
   7864.00
   7864.00
   7864.00
   7864.00
   7864.00
   7864.00
   7864.00
   7864.00
   7864.00
   7864.00
   7864.00
   7864.00
   7863.00
   7863.00
   7863.00
   7863.00
   7863.00
   7863.00
   7863.00
   7863.00
   7863.00
   7863.00
   7863.00
