2253910.00
2253910.00
2253910.00
2253910.00
2253910.00
2253910.00
2253910.00
2253910.00
2253910.00
2253910.00
2253910.00
2253910.00
2253910.00
2253910.00
2253910.00
2253910.00
2253910.00
2253910.00
2253910.00
2253910.00
2253910.00
2253910.00
2253910.00
2253910.00
2253910.00
2253910.00
2253910.00
2253910.00
2253910.00
2253910.00
2253910.00
2253910.00
2253910.00
2253910.00
2253910.00
2253910.00
2253910.00
2253910.00
2253910.00
2253910.00
2253910.00
2253910.00
2253910.00
2253910.00
2253910.00
2253910.00
2253910.00
2253910.00
2253910.00
2253910.00
2253910.00
2253910.00
2253910.00
2253910.00
2253910.00
2253910.00
2253910.00
2253910.00
2253910.00
2253910.00
2253910.00
2253910.00
2253910.00
2253910.00
2253910.00
2253910.00
2253910.00
2253910.00
2253910.00
2253910.00
2253910.00
2253910.00
2253910.00
2253910.00
2253910.00
2253910.00
2253910.00
2253910.00
2253910.00
2253910.00
2253910.00
2253910.00
2253910.00
2253910.00
2253910.00
2253910.00
2253910.00
2253910.00
2253910.00
2253910.00
2253910.00
2253910.00
2253910.00
2253910.00
2253910.00
2253910.00
2253910.00
2253910.00
2253910.00
2253910.00
2253910.00
2253910.00
2253910.00
2253910.00
2253910.00
2253910.00
2253910.00
2253910.00
2253910.00
2253910.00
2253910.00
2253910.00
2253910.00
2253910.00
2253910.00
2253910.00
2253910.00
2253910.00
2253910.00
2253910.00
2253910.00
2253910.00
2253910.00
2253910.00
2253910.00
2253910.00
2253910.00
2253910.00
2253910.00
2253910.00
2253910.00
2253910.00
2253910.00
2253910.00
2253910.00
2253910.00
2253910.00
2253910.00
2253910.00
2253910.00
2253910.00
2253910.00
2253910.00
2253910.00
2253910.00
2253910.00
2253910.00
2253910.00
2253910.00
2253910.00
2253910.00
2253910.00
2253910.00
2253910.00
2253910.00
2253910.00
2253910.00
2253910.00
2253910.00
2253910.00
2253910.00
2253910.00
2253910.00
2253910.00
2253910.00
2253910.00
2253910.00
2253910.00
2253910.00
2253910.00
2253910.00
2253910.00
2253910.00
2253910.00
2253910.00
2253910.00
2253910.00
2253910.00
2253910.00
2253910.00
2253910.00
2253910.00
2253910.00
2253910.00
2253910.00
2253910.00
2253910.00
2253910.00
2253910.00
2253910.00
2253910.00
2253910.00
2253910.00
2253910.00
2253910.00
2253910.00
2253910.00
2253910.00
2253910.00
2253910.00
2253910.00
2253910.00
2253910.00
2253910.00
2253910.00
2253910.00
2253910.00
2253910.00
2253910.00
2253910.00
2253910.00
2253910.00
2253910.00
2253910.00
2253910.00
2253910.00
2253910.00
2253910.00
2253910.00
2253910.00
2253910.00
2253910.00
2253910.00
2253910.00
2253910.00
2253910.00
2253910.00
2253910.00
2253910.00
2253910.00
2253910.00
2253910.00
2253910.00
2253910.00
2253910.00
2253910.00
2253910.00
2253910.00
2253910.00
2253910.00
2253910.00
2253910.00
2253910.00
2253910.00
2253910.00
2253910.00
2253910.00
2253910.00
2253910.00
2253910.00
1258206.79
1237877.87
1237877.87
1221015.96
1203602.97
1203602.97
1185611.34
1167002.41
1167002.41
1147736.74
1147736.74
1147736.74
1147736.74
1147736.74
1147736.74
1127947.00
1127947.00
1127947.00
1127947.00
1127947.00
1127947.00
1127947.00
1117527.75
1112447.10
1101740.33
1101740.33
1101740.33
1101740.33
1085520.61
1080158.39
1063325.00
1063325.00
1063222.40
1045898.05
1045898.05
1045898.05
1045898.05
1033960.69
1015849.55
1015849.55
1003355.56
 984229.64
 971081.45
 971081.45
 950948.42
 950948.42
 950948.42
 950948.42
 950948.42
 930203.53
 930180.00
 930180.00
 930180.00
 930180.00
 930180.00
 930180.00
 930180.00
 930180.00
 916072.16
 916072.16
 916072.16
 908940.60
 908940.60
 890592.12
 879298.97
 879298.97
 879298.97
 879298.97
 864086.57
 864086.57
 864086.57
 864086.57
 864086.57
 864086.57
 864086.57
 864086.57
 856167.97
 848341.25
 840311.94
 832227.64
 824030.81
 824030.81
 824030.81
 824030.81
 824030.81
 811580.06
 810262.94
 810262.94
 801750.92
 781781.96
 781781.96
 781781.96
 778814.59
 764204.96
 764204.96
 764115.72
 764115.72
 764115.72
 758161.27
 758161.27
 758161.27
 755174.00
 741539.17
 739202.00
 729870.68
 720445.71
 705299.57
 701277.79
 681617.92
 681116.15
 669082.25
 668576.30
 665086.54
 665086.54
 659048.03
 659048.03
 656378.58
 648690.12
 639996.66
 636020.98
 636020.98
 627165.32
 621589.65
 620853.48
 620853.48
 620853.48
 615101.10
 613172.05
 601555.15
 601555.15
 592729.18
 590383.87
 587484.16
 587484.16
 580298.05
 580203.63
 579833.37
 574915.08
 565079.00
 564293.40
 562300.05
 562300.05
 553190.03
 537463.11
 532341.57
 528333.54
 524959.44
 524959.44
 524959.44
 524959.44
 523812.54
 523812.54
 523812.54
 522195.28
 516520.02
 513669.63
 513669.63
 513618.04
 501355.36
 498213.97
 493150.19
 493150.19
 493150.19
 492618.92
 492618.92
 477721.69
 477623.20
 477623.20
 476407.34
 463552.04
 463533.54
 463533.54
 462993.48
 462025.80
 451443.67
 444177.67
 443667.66
 437456.14
 433629.54
 431848.79
 429387.32
 425207.40
 416616.74
 407247.84
 399090.19
 395438.69
 395438.69
 395438.69
 390732.25
 385675.41
 383905.27
 380993.99
 371408.16
 371408.16
 367145.39
 360253.51
 360162.77
 360162.77
 357034.65
 357034.65
 356904.02
 351853.68
 348997.91
 348297.38
 347800.79
 346262.86
 342224.62
 337121.41
 333376.08
 333050.70
 333050.70
 329476.38
 329476.38
 329476.38
 325359.06
 325359.06
 318445.57
 318445.57
 318024.90
 318024.90
 318024.90
 318024.90
 314458.20
 314458.20
 313414.78
 313414.78
 304133.18
 304133.18
 302224.27
 302224.27
 301893.09
 301550.04
 299797.17
 294831.24
 287024.38
 287024.38
 286940.84
 286940.84
 286940.84
 286940.84
 279537.94
 275331.84
 275328.76
 275328.76
 275328.76
 274002.21
 273746.48
 267758.30
 255555.43
 255555.43
 254707.83
 253151.34
 252658.69
 252658.69
 252409.72
 250886.60
 248809.15
 247256.78
 244687.03
 238799.35
 223684.81
 221338.94
 221076.86
 221076.86
 221076.86
 204931.55
 204854.59
 204839.44
 204839.44
 204778.98
 204778.98
 187806.95
 187806.95
 187612.62
 186021.71
 185661.76
 185661.76
 185661.76
 185661.76
 185480.93
 185448.02
 184563.04
 184531.63
 182458.50
 181587.32
 177907.39
 160342.09
 153069.05
 138658.48
 138658.48
 135510.94
 135510.94
 135510.94
 131005.33
 131005.33
 130265.00
 128031.20
 109642.36
 105130.40
 104483.89
  89070.93
  88428.02
  87788.28
  86374.34
  86216.47
  67100.41
  67100.41
  67100.41
  66268.52
  66268.52
  46978.08
  38860.61
  32406.35
  19575.94
  12552.88
  12552.88
  12552.88
  10918.76
  10452.57
  10443.12
  10322.84
  10224.12
  10125.42
  10113.60
  10113.60
  10022.32
  10022.32
  10002.87
   9838.97
   9838.97
   9810.27
   9781.76
   9780.21
   9754.78
   9625.27
   9548.19
   9383.37
   9374.81
   9370.56
   9343.40
   9321.46
   9237.59
   9217.72
   9191.98
   9124.29
   9088.00
   9088.00
   9088.00
   9075.32
   9072.20
   9004.00
   9004.00
   8984.45
   8984.45
   8941.47
   8915.83
   8864.33
   8864.33
   8864.33
   8801.50
   8776.00
   8776.00
   8696.50
   8653.50
   8588.00
   8588.00
   8588.00
   8588.00
   8588.00
   8588.00
   8588.00
   8588.00
   8588.00
   8588.00
   8588.00
   8573.50
   8562.20
   8508.33
   8446.60
   8431.40
   8431.40
   8431.40
   8335.00
   8335.00
   8317.00
   8317.00
   8254.00
   8254.00
   8254.00
   8254.00
   8254.00
   8254.00
   8254.00
   8254.00
   8254.00
   8254.00
   8216.00
   8216.00
   8216.00
   8216.00
   8216.00
   8216.00
   8216.00
   8195.00
   8195.00
   8195.00
   8195.00
   8195.00
   8195.00
   8195.00
   8195.00
   8195.00
   8195.00
   8195.00
   8153.57
   8101.00
   8101.00
   8101.00
   8101.00
   8101.00
   8101.00
   8050.00
   8050.00
   8022.00
   8022.00
   8022.00
   8022.00
   8022.00
   8022.00
   7996.00
   7996.00
   7951.00
   7951.00
   7951.00
   7951.00
   7951.00
   7951.00
   7951.00
   7951.00
   7951.00
   7915.00
   7915.00
   7915.00
   7915.00
   7915.00
   7915.00
   7915.00
   7915.00
   7915.00
   7915.00
   7915.00
   7915.00
   7915.00
   7915.00
   7897.00
   7897.00
   7897.00
   7897.00
   7897.00
   7897.00
   7897.00
   7897.00
   7897.00
   7897.00
   7883.00
   7883.00
   7883.00
   7883.00
   7883.00
   7883.00
   7863.00
   7863.00
   7863.00
   7863.00
   7863.00
   7863.00
   7863.00
   7863.00
   7863.00
   7863.00
   7863.00
   7863.00
   7863.00
   7863.00
   7863.00
   7863.00
   7863.00
   7863.00
   7863.00
   7863.00
   7863.00
   7863.00
   7863.00
   7863.00
   7863.00
   7863.00
   7863.00
2253910.00
2253910.00
2253910.00
2253910.00
2253910.00
2253910.00
2253910.00
2253910.00
2253910.00
2253910.00
2253910.00
2253910.00
2253910.00
2253910.00
2253910.00
2253910.00
2253910.00
2253910.00
2253910.00
2253910.00
2253910.00
2253910.00
2253910.00
2253910.00
2253910.00
2253910.00
2253910.00
2253910.00
2253910.00
2253910.00
2253910.00
2253910.00
2253910.00
2253910.00
2253910.00
2253910.00
2253910.00
2253910.00
2253910.00
2253910.00
2253910.00
2253910.00
2253910.00
2253910.00
2253910.00
2253910.00
2253910.00
2253910.00
2253910.00
2253910.00
2253910.00
2253910.00
2253910.00
2253910.00
2253910.00
2253910.00
2253910.00
2253910.00
2253910.00
2253910.00
2253910.00
2253910.00
2253910.00
2253910.00
2253910.00
2253910.00
2253910.00
2253910.00
2253910.00
2253910.00
2253910.00
2253910.00
2253910.00
2253910.00
2253910.00
2253910.00
2253910.00
2253910.00
2253910.00
2253910.00
2253910.00
2253910.00
2253910.00
2253910.00
2253910.00
2253910.00
2253910.00
2253910.00
2253910.00
2253910.00
2253910.00
2253910.00
2253910.00
2253910.00
2253910.00
2253910.00
2253910.00
2253910.00
2253910.00
2253910.00
2253910.00
2253910.00
2253910.00
2253910.00
2253910.00
2253910.00
2253910.00
2253910.00
2253910.00
2253910.00
2253910.00
2253910.00
2253910.00
2253910.00
2253910.00
2253910.00
2253910.00
2253910.00
2253910.00
2253910.00
2253910.00
2253910.00
2253910.00
2253910.00
2253910.00
2253910.00
2253910.00
2253910.00
2253910.00
2253910.00
2253910.00
2253910.00
2253910.00
2253910.00
2253910.00
2253910.00
2253910.00
2253910.00
2253910.00
2253910.00
2253910.00
2253910.00
2253910.00
2253910.00
2253910.00
2253910.00
2253910.00
2253910.00
2253910.00
2253910.00
2253910.00
2253910.00
2253910.00
2253910.00
2253910.00
2253910.00
2253910.00
2253910.00
2253910.00
2253910.00
2253910.00
2253910.00
2253910.00
2253910.00
2253910.00
2253910.00
2253910.00
2253910.00
2253910.00
2253910.00
2253910.00
2253910.00
2253910.00
2253910.00
2253910.00
2253910.00
2253910.00
2253910.00
2253910.00
2253910.00
2253910.00
2253910.00
2253910.00
2253910.00
2253910.00
2253910.00
2253910.00
2253910.00
2253910.00
2253910.00
2253910.00
2253910.00
2253910.00
2253910.00
2253910.00
2253910.00
2253910.00
2253910.00
2253910.00
2253910.00
2253910.00
2253910.00
2253910.00
2253910.00
2253910.00
2253910.00
2253910.00
2253910.00
2253910.00
2253910.00
2253910.00
2253910.00
2253910.00
2253910.00
2253910.00
2253910.00
2253910.00
2253910.00
2253910.00
2253910.00
2253910.00
2253910.00
2253910.00
2253910.00
2253910.00
2253910.00
2253910.00
2253910.00
2253910.00
2253910.00
2253910.00
2253910.00
2253910.00
2253910.00
2253910.00
2253910.00
2253910.00
2253910.00
2253910.00
2253910.00
2253910.00
2253910.00
2253910.00
2253910.00
2253910.00
2253910.00
2253910.00
2253910.00
2253910.00
2253910.00
1258206.79
1237877.87
1237877.87
1221015.96
1203602.97
1203602.97
1185611.34
1167002.41
1167002.41
1147736.74
1147736.74
1147736.74
1147736.74
1147736.74
1147736.74
1127947.00
1127947.00
1127947.00
1127947.00
1127947.00
1127947.00
1127947.00
1117527.75
1112447.10
1101740.33
1101740.33
1101740.33
1101740.33
1085520.61
1080158.39
1063325.00
1063325.00
1063222.40
1045898.05
1045898.05
1045898.05
1045898.05
1033960.69
1015849.55
1015849.55
1003355.56
 984229.64
 971081.45
 971081.45
 950948.42
 950948.42
 950948.42
 950948.42
 950948.42
 930203.53
 930180.00
 930180.00
 930180.00
 930180.00
 930180.00
 930180.00
 930180.00
 930180.00
 916072.16
 916072.16
 916072.16
 908940.60
 908940.60
 890592.12
 879298.97
 879298.97
 879298.97
 879298.97
 864086.57
 864086.57
 864086.57
 864086.57
 864086.57
 864086.57
 864086.57
 864086.57
 856167.97
 848341.25
 840311.94
 832227.64
 824030.81
 824030.81
 824030.81
 824030.81
 824030.81
 811580.06
 810262.94
 810262.94
 801750.92
 781781.96
 781781.96
 781781.96
 778814.59
 764204.96
 764204.96
 764115.72
 764115.72
 764115.72
 758161.27
 758161.27
 758161.27
 755174.00
 741539.17
 739202.00
 729870.68
 720445.71
 705299.57
 701277.79
 681617.92
 681116.15
 669082.25
 668576.30
 665086.54
 665086.54
 659048.03
 659048.03
 656378.58
 648690.12
 639996.66
 636020.98
 636020.98
 627165.32
 621589.65
 620853.48
 620853.48
 620853.48
 615101.10
 613172.05
 601555.15
 601555.15
 592729.18
 590383.87
 587484.16
 587484.16
 580298.05
 580203.63
 579833.37
 574915.08
 565079.00
 564293.40
 562300.05
 562300.05
 553190.03
 537463.11
 532341.57
 528333.54
 524959.44
 524959.44
 524959.44
 524959.44
 523812.54
 523812.54
 523812.54
 522195.28
 516520.02
 513669.63
 513669.63
 513618.04
 501355.36
 498213.97
 493150.19
 493150.19
 493150.19
 492618.92
 492618.92
 477721.69
 477623.20
 477623.20
 476407.34
 463552.04
 463533.54
 463533.54
 462993.48
 462025.80
 451443.67
 444177.67
 443667.66
 437456.14
