2253910.00
2253910.00
2253910.00
2253910.00
2253910.00
2253910.00
2253910.00
2253910.00
2253910.00
2253910.00
2253910.00
2253910.00
2253910.00
2253910.00
2253910.00
2253910.00
2253910.00
2253910.00
2253910.00
2253910.00
2253910.00
2253910.00
2253910.00
2253910.00
2253910.00
2253910.00
2253910.00
2253910.00
2253910.00
2253910.00
2253910.00
2253910.00
2253910.00
2253910.00
2253910.00
2253910.00
2253910.00
2253910.00
2253910.00
2253910.00
2253910.00
2253910.00
2253910.00
2253910.00
2253910.00
2253910.00
2253910.00
2253910.00
2253910.00
2253910.00
2253910.00
2253910.00
2253910.00
2253910.00
2253910.00
2253910.00
2253910.00
2253910.00
2253910.00
2253910.00
2253910.00
2253910.00
2253910.00
2253910.00
2253910.00
2253910.00
2253910.00
2253910.00
2253910.00
2253910.00
2253910.00
2253910.00
2253910.00
2253910.00
2253910.00
2253910.00
2253910.00
2253910.00
2253910.00
2253910.00
2253910.00
2253910.00
2253910.00
2253910.00
2253910.00
2253910.00
2253910.00
2253910.00
2253910.00
2253910.00
2253910.00
2253910.00
2253910.00
2253910.00
2253910.00
2253910.00
2253910.00
2253910.00
2253910.00
2253910.00
2253910.00
2253910.00
2253910.00
2253910.00
2253910.00
2253910.00
2253910.00
2253910.00
2253910.00
2253910.00
2253910.00
2253910.00
2253910.00
2253910.00
2253910.00
2253910.00
2253910.00
2253910.00
2253910.00
2253910.00
2253910.00
2253910.00
2253910.00
2253910.00
2253910.00
2253910.00
2253910.00
2253910.00
2253910.00
2253910.00
2253910.00
2253910.00
2253910.00
2253910.00
2253910.00
2253910.00
2253910.00
2253910.00
2253910.00
2253910.00
2253910.00
2253910.00
2253910.00
2253910.00
2253910.00
2253910.00
2253910.00
2253910.00
2253910.00
2253910.00
2253910.00
2253910.00
2253910.00
2253910.00
2253910.00
2253910.00
2253910.00
2253910.00
2253910.00
2253910.00
2253910.00
2253910.00
2253910.00
2253910.00
2253910.00
2253910.00
2253910.00
2253910.00
2253910.00
2253910.00
2253910.00
2253910.00
2253910.00
2253910.00
2253910.00
2253910.00
2253910.00
2253910.00
2253910.00
2253910.00
2253910.00
2253910.00
2253910.00
2253910.00
2253910.00
2253910.00
2253910.00
2253910.00
2253910.00
2253910.00
2253910.00
2253910.00
2253910.00
2253910.00
2253910.00
2253910.00
2253910.00
2253910.00
2253910.00
2253910.00
2253910.00
2253910.00
2253910.00
2253910.00
2253910.00
2253910.00
2253910.00
2253910.00
2253910.00
2253910.00
2253910.00
2253910.00
2253910.00
2253910.00
2253910.00
2253910.00
2253910.00
2253910.00
2253910.00
2253910.00
2253910.00
2253910.00
2253910.00
2253910.00
2253910.00
2253910.00
2253910.00
2253910.00
2253910.00
2253910.00
2253910.00
2253910.00
2253910.00
2253910.00
2253910.00
2253910.00
2253910.00
2253910.00
2253910.00
2253910.00
2253910.00
2253910.00
2253910.00
2253910.00
2253910.00
2253910.00
2253910.00
2253910.00
2253910.00
2253910.00
2253910.00
2253910.00
2253910.00
2253910.00
2253910.00
2253910.00
2253910.00
2253910.00
2253910.00
2253910.00
2253910.00
2253910.00
2253910.00
2253910.00
2253910.00
2253910.00
2253910.00
2253910.00
2253910.00
2253910.00
2253910.00
2253910.00
2253910.00
2253910.00
2253910.00
2253910.00
2253910.00
2253910.00
2253910.00
2253910.00
2253910.00
2253910.00
2253910.00
2253910.00
2253910.00
2253910.00
2253910.00
2253910.00
2253910.00
2253910.00
2253910.00
2253910.00
2253910.00
2253910.00
2253910.00
2253910.00
2253910.00
2253910.00
2253910.00
2253910.00
2253910.00
2253910.00
2253910.00
2253910.00
2253910.00
2253910.00
2253910.00
2253910.00
2253910.00
2253910.00
2253910.00
2253910.00
2253910.00
2253910.00
2253910.00
2253910.00
2253910.00
2253910.00
2253910.00
2253910.00
2253910.00
2253910.00
2253910.00
2253910.00
2253910.00
2253910.00
2253910.00
2253910.00
2253910.00
2253910.00
2253910.00
2253910.00
2253910.00
2253910.00
2253910.00
2253910.00
2253910.00
2253910.00
2253910.00
2253910.00
2253910.00
2253910.00
2253910.00
2253910.00
2253910.00
2253910.00
2253910.00
2253910.00
2253910.00
2253910.00
2253910.00
2253910.00
2253910.00
2253910.00
2253910.00
2253910.00
2253910.00
2253910.00
2253910.00
2253910.00
2253910.00
2253910.00
2253910.00
2253910.00
2253910.00
2253910.00
2253910.00
2253910.00
2253910.00
2253910.00
2253910.00
2253910.00
2253910.00
2253910.00
2253910.00
2253910.00
2253910.00
2253910.00
2253910.00
2253910.00
2253910.00
2253910.00
2253910.00
2253910.00
2253910.00
2253910.00
2253910.00
2253910.00
2253910.00
2253910.00
2253910.00
2253910.00
2253910.00
2253910.00
2253910.00
2253910.00
2253910.00
2253910.00
2253910.00
2253910.00
2253910.00
2253910.00
2253910.00
2253910.00
2253910.00
2253910.00
2253910.00
2253910.00
2253910.00
2253910.00
2253910.00
2253910.00
2253910.00
2253910.00
2253910.00
2253910.00
2253910.00
2253910.00
2253910.00
2253910.00
 212578.35
 212578.35
 197614.00
 197614.00
 173915.60
 172902.46
 143076.64
 135937.90
 135937.90
 121770.02
 117274.76
 117274.76
 117274.76
 117157.26
 103366.64
  75953.54
  74449.76
  71017.43
  71017.43
  71017.43
  71017.43
  70786.73
  70343.81
  70343.81
  70343.81
  70343.81
  70343.81
  37719.75
  37719.75
  24670.98
  24670.98
  20808.46
  17489.20
  17489.20
  10610.42
  10610.42
  10308.00
  10308.00
  10308.00
  10229.82
   9996.88
   9809.80
   9808.34
   9795.80
   9795.80
   9795.80
   9677.76
   9592.67
   9568.42
   9568.42
   9568.42
   9568.42
   9568.42
   9568.42
   9568.42
   9431.00
   9431.00
   9431.00
   9431.00
   9431.00
   9397.73
   9300.75
   9291.00
   9291.00
   9291.00
   9291.00
   9131.80
   9131.80
   9128.80
   9128.80
   9128.80
   9128.80
   9072.88
   9072.88
   8935.00
   8935.00
   8935.00
   8935.00
   8935.00
   8935.00
   8935.00
   8884.33
   8884.33
   8768.00
   8768.00
   8768.00
   8768.00
   8760.00
   8760.00
   8760.00
   8760.00
   8760.00
   8708.00
   8617.00
   8617.00
   8617.00
   8617.00
   8617.00
   8617.00
   8617.00
   8617.00
   8617.00
   8617.00
   8617.00
   8617.00
   8617.00
   8572.50
   8572.50
   8572.50
   8513.50
   8510.67
   8506.00
   8464.29
   8464.29
   8464.29
   8464.29
   8453.71
   8453.71
   8453.71
   8453.71
   8453.71
   8435.50
   8435.50
   8435.50
   8404.50
   8362.00
   8358.00
   8358.00
   8358.00
   8318.33
   8295.50
   8295.50
   8295.50
   8295.50
   8295.50
   8295.50
   8264.17
   8243.00
   8243.00
   8222.00
   8222.00
   8222.00
   8222.00
   8222.00
   8219.33
   8181.33
   8155.50
   8155.50
   8155.50
   8155.50
   8155.50
   8155.50
   8155.50
   8155.50
   8155.50
   8122.00
   8122.00
   8122.00
   8122.00
   8122.00
   8122.00
   8122.00
   8122.00
   8122.00
   8092.50
   8092.50
   8092.50
   8077.50
   8064.75
   8064.75
   8047.00
   8041.00
   8035.00
   8004.00
   8004.00
   8004.00
   8004.00
   7990.00
   7990.00
   7990.00
   7974.00
   7959.00
   7959.00
   7959.00
   7931.00
   7931.00
   7931.00
   7931.00
   7931.00
   7924.50
   7911.00
   7903.00
   7879.00
   7879.00
   7879.00
   7879.00
   7879.00
   7879.00
   7879.00
   7879.00
   7879.00
   7879.00
   7879.00
   7879.00
   7879.00
   7879.00
   7879.00
   7879.00
   7879.00
   7869.00
   7869.00
   7869.00
   7869.00
   7869.00
   7869.00
   7869.00
   7869.00
   7869.00
   7869.00
   7869.00
   7869.00
   7869.00
   7869.00
   7864.00
   7864.00
   7864.00
   7864.00
   7864.00
   7864.00
   7864.00
   7864.00
   7863.00
   7863.00
   7863.00
   7863.00
