Found a feasible solution after 29579 tries 
Found a feasible solution after 9429 tries 
   4676.00
   4676.00
   4676.00
   4676.00
   4676.00
   4676.00
   4676.00
   4633.00
   4633.00
   4633.00
   4633.00
   4633.00
   4633.00
   4194.00
   4194.00
   4194.00
   4194.00
   4194.00
   3908.00
   3908.00
   3879.00
   3879.00
   3879.00
   3714.00
   3714.00
   3714.00
   3581.00
   3581.00
   3581.00
   3581.00
   3482.00
   3482.00
   3482.00
   3309.00
   3309.00
   3309.00
   3309.00
   3309.00
   3309.00
   3309.00
   3309.00
   3282.00
   3282.00
   3282.00
   3203.00
   3203.00
   3203.00
   3203.00
   3139.00
   3139.00
   3139.00
Found a feasible solution after 3312 tries 
Found a feasible solution after 46164 tries 
   5077.00
   5077.00
   5077.00
   5077.00
   5077.00
   5077.00
   5077.00
   4911.00
   4911.00
   4911.00
   4911.00
   4911.00
   4911.00
   4911.00
   4911.00
   4911.00
   4911.00
   4747.00
   4212.00
   4212.00
   4212.00
   4212.00
   4032.00
   4032.00
   3867.00
   3867.00
   3784.00
   3310.00
   3310.00
   3310.00
   3310.00
   3310.00
   3310.00
   3309.00
   3291.00
   3291.00
   3166.00
   3166.00
   3166.00
   3166.00
   3166.00
   3166.00
   3166.00
   3166.00
   3166.00
   3166.00
   3166.00
   3139.00
   3139.00
   3139.00
   3139.00
Found a feasible solution after 25542 tries 
Found a feasible solution after 29460 tries 
   4580.00
   4580.00
   4580.00
   4580.00
   4580.00
   4580.00
   4580.00
   4580.00
   4580.00
   4580.00
   4470.00
   4470.00
   4470.00
   4443.00
   4443.00
   4443.00
   4443.00
   4443.00
   4443.00
   4443.00
   4020.00
   4020.00
   4020.00
   4020.00
   3935.00
   3935.00
   3935.00
   3935.00
   3580.00
   3580.00
   3580.00
   3580.00
   3544.00
   3544.00
   3493.00
   3493.00
   3355.00
   3294.00
   3294.00
   3294.00
   3294.00
   3294.00
   3230.00
   3230.00
   3230.00
   3230.00
   3203.00
   3203.00
   3203.00
   3203.00
   3203.00
   3203.00
   3139.00
   3139.00
   3139.00
   3139.00
   3139.00
Found a feasible solution after 216 tries 
Found a feasible solution after 649 tries 
   5265.00
   4951.00
   4951.00
   4951.00
   4951.00
   4951.00
   4951.00
   4951.00
   4951.00
   4951.00
   4951.00
   4847.00
   4847.00
   4847.00
   4564.00
   4564.00
   4239.00
   4239.00
   4239.00
   4239.00
   4239.00
   4239.00
   4132.00
   3822.00
   3587.00
   3587.00
   3587.00
   3499.00
   3499.00
   3284.00
   3249.00
   3249.00
   3249.00
   3249.00
   2985.00
   2985.00
   2985.00
   2927.00
   2927.00
   2927.00
   2927.00
   2927.00
   2927.00
   2927.00
   2782.00
   2782.00
   2782.00
   2782.00
   2782.00
   2782.00
   2782.00
   2710.00
   2710.00
   2710.00
   2706.00
   2706.00
   2706.00
Found a feasible solution after 400 tries 
Found a feasible solution after 74 tries 
   4930.00
   4930.00
   4930.00
   4930.00
   4615.00
   4615.00
   4615.00
   4615.00
   4615.00
   4529.00
   4492.00
   4492.00
   4492.00
   4492.00
   4492.00
   4492.00
   4492.00
   4492.00
   4492.00
   4492.00
   4492.00
   4492.00
   4042.00
   4042.00
   4042.00
   3809.00
   3658.00
   3556.00
   3556.00
   3556.00
   3556.00
   3556.00
   3330.00
   3127.00
   3127.00
   3127.00
   3127.00
   2920.00
   2920.00
   2920.00
   2920.00
   2920.00
   2920.00
   2920.00
   2920.00
   2920.00
   2920.00
   2797.00
   2797.00
   2797.00
   2797.00
   2797.00
   2797.00
   2710.00
   2710.00
   2710.00
   2710.00
   2710.00
   2710.00
   2710.00
   2710.00
   2710.00
   2710.00
   2706.00
Found a feasible solution after 14 tries 
Found a feasible solution after 176 tries 
   4856.00
   4856.00
   4856.00
   4856.00
   4856.00
   4856.00
   4856.00
   4785.00
   4691.50
   4691.50
   4691.50
   4691.50
   4691.50
   4691.50
   4580.00
   4244.00
   4244.00
   4026.88
   3800.00
   3800.00
   3633.00
   3633.00
   3567.00
   3296.00
   3267.50
   3267.50
   3244.00
   3205.00
   3126.50
   3045.00
   3028.00
   3028.00
   3028.00
   2947.00
   2947.00
   2947.00
   2947.00
   2947.00
   2883.00
   2778.00
   2778.00
   2770.00
   2770.00
   2706.00
   2706.00
   2706.00
   2706.00
   2706.00
   2706.00
   2706.00
   2706.00
   2706.00
Found a feasible solution after 62 tries 
Found a feasible solution after 19 tries 
   4325.00
   4325.00
   4310.00
   4310.00
   4310.00
   4310.00
   4310.00
   4310.00
   4271.00
   4271.00
   3980.50
   3665.50
   3665.50
   3665.50
   3578.50
   3517.00
   3151.00
   3151.00
   3151.00
   3151.00
   3151.00
   3151.00
   3151.00
   3151.00
   3151.00
   2967.00
   2967.00
   2967.00
   2967.00
   2967.00
   2853.00
   2853.00
   2806.00
   2806.00
   2806.00
   2806.00
   2739.00
   2736.00
   2701.00
   2612.50
   2612.50
   2566.00
   2535.50
   2459.00
   2459.00
   2459.00
   2459.00
   2459.00
   2459.00
   2409.00
   2409.00
   2399.00
   2399.00
Found a feasible solution after 210 tries 
Found a feasible solution after 35 tries 
   4364.00
   4364.00
   4364.00
   4364.00
   4364.00
   4364.00
   4223.00
   4168.00
   4168.00
   4168.00
   3932.00
   3932.00
   3836.00
   3758.00
   3692.00
   3692.00
   3392.00
   3392.00
   3392.00
   3392.00
   3389.50
   3300.50
   3300.50
   3016.00
   3016.00
   3016.00
   2879.00
   2843.00
   2843.00
   2843.00
   2843.00
   2843.00
   2831.00
   2683.00
   2683.00
   2683.00
   2683.00
   2683.00
   2598.50
   2594.00
   2514.00
   2435.00
   2435.00
   2435.00
   2435.00
   2435.00
