Found a feasible solution after 22063 tries 
Found a feasible solution after 8821 tries 
   4611.00
   4611.00
   4611.00
   4611.00
   4611.00
   4611.00
   4611.00
   4611.00
   4611.00
   4611.00
   4611.00
   4611.00
   4611.00
   4611.00
   4611.00
   4611.00
   4611.00
   4611.00
   4388.00
   4388.00
   4388.00
   4355.00
   4355.00
   4355.00
   4355.00
   4355.00
   4355.00
   4355.00
   4355.00
   4355.00
   4355.00
   4355.00
   4355.00
   4355.00
   4355.00
   4116.00
   4116.00
   3994.00
   3994.00
   3994.00
   3897.00
   3897.00
   3897.00
   3897.00
   3897.00
   3895.00
   3747.00
   3747.00
   3747.00
   3747.00
   3747.00
   3747.00
   3718.00
   3549.00
   3285.00
   3285.00
   3284.00
   3284.00
   3284.00
   3284.00
   3284.00
   3284.00
   3284.00
   3284.00
   3284.00
   3284.00
   3284.00
   3284.00
   3284.00
   3284.00
   3139.00
   3139.00
   3139.00
   3139.00
   3139.00
   3139.00
   3139.00
   3139.00
   3139.00
   3139.00
Found a feasible solution after 20343 tries 
Found a feasible solution after 10291 tries 
   4683.00
   4519.00
   4374.00
   4374.00
   4374.00
   4374.00
   4374.00
   4374.00
   4374.00
   4374.00
   4374.00
   4374.00
   4374.00
   4345.00
   4345.00
   4345.00
   4345.00
   4345.00
   4345.00
   4275.00
   4275.00
   4275.00
   4275.00
   4275.00
   4275.00
   4275.00
   4275.00
   4275.00
   4275.00
   4275.00
   4194.00
   4159.00
   4159.00
   4017.00
   4017.00
   3805.00
   3805.00
   3805.00
   3805.00
   3606.00
   3606.00
   3606.00
   3606.00
   3606.00
   3606.00
   3606.00
   3606.00
   3606.00
   3500.00
   3500.00
   3500.00
   3322.00
   3140.00
   3140.00
   3140.00
   3140.00
   3140.00
   3140.00
   3140.00
   3140.00
   3139.00
   3139.00
   3139.00
   3139.00
   3139.00
   3139.00
Found a feasible solution after 36813 tries 
Found a feasible solution after 4368 tries 
   5387.00
   5387.00
   5387.00
   5355.00
   5355.00
   5355.00
   5355.00
   5355.00
   5355.00
   5355.00
   5355.00
   5355.00
   5355.00
   5339.00
   5339.00
   5252.00
   5252.00
   5252.00
   5252.00
   5252.00
   5252.00
   5252.00
   5247.00
   5247.00
   4985.00
   4777.00
   4727.00
   4727.00
   4644.00
   4644.00
   4644.00
   4627.00
   4627.00
   4627.00
   4627.00
   4275.00
   4275.00
   4275.00
   4275.00
   4275.00
   4275.00
   4275.00
   4275.00
   4086.00
   4086.00
   3858.00
   3858.00
   3858.00
   3858.00
   3858.00
   3858.00
   3858.00
   3736.00
   3736.00
   3736.00
   3736.00
   3736.00
   3736.00
   3621.00
   3621.00
   3621.00
   3603.00
   3443.00
   3443.00
   3443.00
   3443.00
   3443.00
   3443.00
   3318.00
   3318.00
   3317.00
   3284.00
   3139.00
   3139.00
   3139.00
   3139.00
   3139.00
Found a feasible solution after 36813 tries 
Found a feasible solution after 4368 tries 
   5387.00
   5387.00
   5387.00
   5355.00
   5355.00
   5355.00
   5355.00
   5355.00
   5355.00
   5355.00
   5355.00
   5355.00
   5355.00
   5339.00
   5339.00
   5252.00
   5252.00
   5252.00
   5252.00
   5252.00
   5252.00
   5252.00
   5247.00
   5247.00
   4985.00
   4777.00
   4727.00
   4727.00
   4644.00
   4644.00
   4644.00
   4627.00
   4627.00
   4627.00
   4627.00
   4275.00
   4275.00
   4275.00
   4275.00
   4275.00
   4275.00
   4275.00
   4275.00
   4086.00
   4086.00
   3858.00
   3858.00
   3858.00
   3858.00
   3858.00
   3858.00
   3858.00
   3736.00
   3736.00
   3736.00
   3736.00
   3736.00
   3736.00
   3621.00
   3621.00
   3621.00
   3603.00
   3443.00
   3443.00
   3443.00
   3443.00
   3443.00
   3443.00
   3318.00
   3318.00
   3317.00
   3284.00
   3139.00
   3139.00
   3139.00
   3139.00
   3139.00
Found a feasible solution after 1032 tries 
Found a feasible solution after 7511 tries 
   4785.00
   4785.00
   4785.00
   4561.00
   4561.00
   4561.00
   4561.00
   4561.00
   4561.00
   4561.00
   4561.00
   4561.00
   4561.00
   4561.00
   4561.00
   4561.00
   4561.00
   4561.00
   4561.00
   4532.00
   4532.00
   4532.00
   4532.00
   4532.00
   4532.00
   4532.00
   4532.00
   4532.00
   4532.00
   4532.00
   4532.00
   4532.00
   4532.00
   4296.00
   4296.00
   4296.00
   4296.00
   4296.00
   4296.00
   4296.00
   4296.00
   4296.00
   4296.00
   4151.00
   4151.00
   4118.00
   4118.00
   4099.00
   4089.00
   4089.00
   4089.00
   3990.00
   3967.00
   3967.00
   3967.00
   3967.00
   3898.00
   3754.00
   3754.00
   3754.00
   3754.00
   3704.00
   3497.00
   3443.00
   3443.00
   3443.00
   3298.00
   3298.00
   3298.00
   3298.00
   3297.00
   3139.00
   3139.00
   3139.00
   3139.00
   3139.00
   3139.00
   3139.00
   3139.00
   3139.00
   3139.00
   3139.00
Found a feasible solution after 5988 tries 
Found a feasible solution after 7444 tries 
   4950.00
   4950.00
   4950.00
   4950.00
   4950.00
   4950.00
   4950.00
   4950.00
   4950.00
   4950.00
   4794.00
   4794.00
   4794.00
   4794.00
   4794.00
   4794.00
   4794.00
   4794.00
   4794.00
   4794.00
   4794.00
   4759.00
   4613.00
   4547.00
   4547.00
   4502.00
   4488.00
   4270.00
   4270.00
   4259.00
   4252.00
   4178.00
   4178.00
   4178.00
   4172.00
   3908.00
   3908.00
   3908.00
   3908.00
   3908.00
   3897.00
   3897.00
   3897.00
   3897.00
   3897.00
   3897.00
   3897.00
   3858.00
   3810.00
   3810.00
   3810.00
   3810.00
   3810.00
   3810.00
   3809.00
   3668.00
   3475.00
   3475.00
   3469.00
   3469.00
   3469.00
   3469.00
   3469.00
   3469.00
   3469.00
   3469.00
   3311.00
   3311.00
   3311.00
   3311.00
   3311.00
   3311.00
   3166.00
   3166.00
   3166.00
   3140.00
   3139.00
   3139.00
Found a feasible solution after 6662 tries 
Found a feasible solution after 6512 tries 
   4376.00
   4376.00
   4376.00
   4376.00
   4376.00
   4376.00
   4376.00
   4376.00
   4376.00
   4376.00
   4211.00
   4211.00
   4211.00
   4211.00
   4211.00
   4211.00
   4211.00
   4211.00
   4211.00
   3947.00
   3947.00
   3947.00
   3947.00
   3947.00
   3947.00
   3947.00
   3943.00
   3825.00
   3825.00
   3825.00
   3825.00
   3825.00
   3825.00
   3825.00
   3825.00
   3825.00
   3825.00
   3825.00
   3825.00
   3825.00
   3825.00
   3825.00
   3825.00
   3825.00
   3825.00
   3825.00
   3825.00
   3825.00
   3825.00
   3825.00
   3825.00
   3825.00
   3766.00
   3751.00
   3751.00
   3751.00
   3431.00
   3431.00
   3431.00
   3431.00
   3431.00
   3431.00
   3285.00
   3285.00
   3285.00
   3283.00
   3283.00
   3283.00
   3204.00
   3204.00
   3204.00
   3204.00
   3140.00
   3140.00
   3140.00
   3140.00
   3140.00
   3140.00
   3140.00
   3140.00
   3140.00
   3139.00
   3139.00
Found a feasible solution after 31069 tries 
Found a feasible solution after 15195 tries 
   5366.00
   5152.00
   5152.00
   5152.00
   5152.00
   5103.00
   5103.00
   4945.00
   4945.00
   4895.00
   4895.00
   4877.00
   4877.00
   4877.00
   4877.00
   4877.00
   4832.50
   4832.50
   4529.00
   4529.00
   4529.00
   4529.00
   4529.00
   4529.00
   4529.00
   4469.00
   4469.00
   4416.00
   4416.00
   4416.00
   4416.00
   4416.00
   4416.00
   4416.00
   4371.00
   4231.00
   4216.00
   4216.00
   4216.00
   4216.00
   4216.00
   4216.00
   4216.00
   4216.00
   4216.00
   4152.00
   3837.00
   3837.00
   3761.00
   3692.00
   3692.00
   3692.00
   3692.00
   3692.00
   3692.00
   3692.00
   3692.00
   3692.00
   3680.00
   3608.00
   3608.00
   3608.00
   3608.00
   3608.00
   3557.00
   3557.00
   3445.00
   3283.00
   3283.00
   3283.00
   3283.00
   3139.00
   3139.00
   3139.00
   3139.00
   3139.00
   3139.00
   3139.00
   3139.00
   3139.00
   3139.00
Found a feasible solution after 12554 tries 
Found a feasible solution after 17563 tries 
   4644.00
   4644.00
   4644.00
   4644.00
   4644.00
   4644.00
   4644.00
   4644.00
   4275.00
   4275.00
   4275.00
   4275.00
   4275.00
   4275.00
   4275.00
   4275.00
   4275.00
   4275.00
   4262.00
   4262.00
   4262.00
   4262.00
   4262.00
   4262.00
   4262.00
   4262.00
   4262.00
   4067.00
   4067.00
   4067.00
   4067.00
   4067.00
   4067.00
   4067.00
   4067.00
   4067.00
   4067.00
   4067.00
   4067.00
   4067.00
   4067.00
   4067.00
   4067.00
   4067.00
   4067.00
   4067.00
   4067.00
   4067.00
   4067.00
   4067.00
   3989.00
   3989.00
   3909.00
   3909.00
   3573.00
   3573.00
   3441.00
   3440.00
   3440.00
   3440.00
   3440.00
   3440.00
   3262.00
   3262.00
   3262.00
   3262.00
   3139.00
   3139.00
   3139.00
   3139.00
   3139.00
   3139.00
   3139.00
   3139.00
Found a feasible solution after 2713 tries 
Found a feasible solution after 54111 tries 
   4788.00
   4788.00
   4788.00
   4464.00
   4464.00
   4464.00
   4464.00
   4464.00
   4146.00
   4146.00
   4146.00
   4146.00
   4146.00
   4146.00
   4146.00
   4146.00
   4146.00
   4146.00
   4146.00
   4003.00
   4003.00
   3949.00
   3621.00
   3543.00
   3543.00
   3543.00
   3543.00
   3543.00
   3543.00
   3543.00
   3543.00
   3543.00
   3543.00
   3543.00
   3511.00
   3511.00
   3511.00
   3511.00
   3511.00
   3511.00
   3489.00
   3489.00
   3331.00
   3331.00
   3331.00
   3331.00
   3331.00
   3331.00
   3331.00
   3331.00
   3331.00
   3331.00
   3331.00
   3331.00
   3311.00
   3166.00
   3166.00
   3166.00
   3166.00
   3166.00
   3166.00
   3166.00
   3166.00
   3166.00
   3166.00
   3166.00
   3166.00
   3166.00
   3166.00
   3139.00
   3139.00
   3139.00
   3139.00
   3139.00
   3139.00
Found a feasible solution after 964 tries 
Found a feasible solution after 26582 tries 
   4374.00
   4374.00
   4374.00
   4374.00
   4374.00
   4374.00
   4374.00
   4374.00
   4374.00
   4374.00
   4374.00
   4374.00
   4374.00
   4374.00
   4374.00
   4374.00
   4374.00
   4374.00
   4374.00
   4374.00
   4374.00
   4276.00
   4276.00
   3883.00
   3883.00
   3883.00
   3883.00
   3883.00
   3883.00
   3883.00
   3883.00
   3883.00
   3883.00
   3865.00
   3865.00
   3865.00
   3865.00
   3865.00
   3865.00
   3802.00
   3802.00
   3518.00
   3518.00
   3518.00
   3518.00
   3518.00
   3343.00
   3343.00
   3343.00
   3343.00
   3343.00
   3283.00
   3283.00
   3283.00
   3283.00
   3283.00
   3140.00
   3140.00
   3140.00
   3140.00
   3140.00
   3140.00
   3140.00
   3140.00
   3140.00
   3140.00
   3140.00
   3140.00
   3140.00
   3140.00
   3139.00
   3139.00
Found a feasible solution after 6508 tries 
Found a feasible solution after 2608 tries 
   5165.00
   5165.00
   5165.00
   5165.00
   5165.00
   5165.00
   5165.00
   5131.00
   5131.00
   5131.00
   5131.00
   5131.00
   5131.00
   5131.00
   5131.00
   4751.00
   4751.00
   4751.00
   4751.00
   4751.00
   4751.00
   4719.00
   4719.00
   4719.00
   4719.00
   4719.00
   4719.00
   4719.00
   4719.00
   4719.00
   4616.00
   4401.00
   4363.00
   4363.00
   4363.00
   4247.00
   4247.00
   4247.00
   4247.00
   4247.00
   4247.00
   4247.00
   4247.00
   3949.00
   3949.00
   3949.00
   3840.00
   3840.00
   3840.00
   3840.00
   3840.00
   3840.00
   3840.00
   3840.00
   3840.00
   3840.00
   3840.00
   3840.00
   3466.00
   3466.00
   3466.00
   3448.00
   3448.00
   3448.00
   3448.00
   3448.00
   3442.00
   3442.00
   3284.00
   3139.00
   3139.00
   3139.00
   3139.00
   3139.00
   3139.00
   3139.00
   3139.00
Found a feasible solution after 45578 tries 
Found a feasible solution after 11221 tries 
   4831.00
   4831.00
   4831.00
   4831.00
   4831.00
   4831.00
   4652.00
   4652.00
   4652.00
   4632.00
   4632.00
   4632.00
   4585.00
   4585.00
   4585.00
   4585.00
   4585.00
   4571.00
   4571.00
   4571.00
   4571.00
   4571.00
   4571.00
   4559.00
   4465.00
   4462.00
   4462.00
   4249.00
   4249.00
   4249.00
   4249.00
   4222.00
   4042.00
   4028.00
   3998.00
   3998.00
   3682.00
   3682.00
   3682.00
   3682.00
   3682.00
   3682.00
   3665.00
   3665.00
   3585.00
   3475.00
   3412.00
   3375.00
   3375.00
   3326.00
   3285.00
   3285.00
   3140.00
   3140.00
   3140.00
   3139.00
   3139.00
   3139.00
   3139.00
   3139.00
   3139.00
   3139.00
   3139.00
   3139.00
   3139.00
   3139.00
Found a feasible solution after 5123 tries 
Found a feasible solution after 9043 tries 
   4306.00
   4306.00
   4306.00
   4306.00
   4306.00
   4306.00
   4306.00
   4306.00
   4306.00
   4306.00
   4306.00
   4306.00
   4306.00
   4306.00
   4099.00
   4099.00
   4094.00
   4094.00
   4094.00
   4094.00
   4094.00
   4094.00
   4074.00
   4045.00
   4045.00
   4045.00
   4045.00
   4045.00
   4045.00
   4045.00
   4045.00
   4045.00
   4029.00
   4029.00
   4029.00
   4029.00
   3886.00
   3880.00
   3844.00
   3844.00
   3721.00
   3662.00
   3626.00
   3626.00
   3626.00
   3626.00
   3626.00
   3374.00
   3374.00
   3374.00
   3374.00
   3284.00
   3284.00
   3284.00
   3284.00
   3284.00
   3139.00
   3139.00
   3139.00
   3139.00
   3139.00
   3139.00
   3139.00
   3139.00
   3139.00
Found a feasible solution after 5123 tries 
Found a feasible solution after 9043 tries 
   4306.00
   4306.00
   4306.00
   4306.00
   4306.00
   4306.00
   4306.00
   4306.00
   4306.00
   4306.00
   4306.00
   4306.00
   4306.00
   4306.00
   4099.00
   4099.00
   4094.00
   4094.00
   4094.00
   4094.00
   4094.00
   4094.00
   4074.00
   4045.00
   4045.00
   4045.00
   4045.00
   4045.00
   4045.00
   4045.00
   4045.00
   4045.00
   4029.00
   4029.00
   4029.00
   4029.00
   3886.00
   3880.00
   3844.00
   3844.00
   3721.00
   3662.00
   3626.00
   3626.00
   3626.00
   3626.00
   3626.00
   3374.00
   3374.00
   3374.00
   3374.00
   3284.00
   3284.00
   3284.00
   3284.00
   3284.00
   3139.00
   3139.00
   3139.00
   3139.00
   3139.00
   3139.00
   3139.00
   3139.00
   3139.00
Found a feasible solution after 10901 tries 
Found a feasible solution after 40306 tries 
   4665.00
   4665.00
   4665.00
   4665.00
   4665.00
   4665.00
   4665.00
   4552.00
   4552.00
   4552.00
   4509.00
   4509.00
   4509.00
   4509.00
   4509.00
   4391.00
   4369.00
   4272.00
   4272.00
   4272.00
   4182.00
   4052.00
   4052.00
   4052.00
   4052.00
   4009.00
   4009.00
   4009.00
   3727.00
   3727.00
   3727.00
   3727.00
   3727.00
   3727.00
   3727.00
   3727.00
   3727.00
   3727.00
   3727.00
   3727.00
   3727.00
   3727.00
   3725.00
   3725.00
   3626.00
   3626.00
   3556.00
   3553.00
   3553.00
   3553.00
   3553.00
   3553.00
   3497.00
   3407.00
   3407.00
   3405.00
   3367.00
   3284.00
   3284.00
   3284.00
   3284.00
   3284.00
   3284.00
   3284.00
   3284.00
   3139.00
   3139.00
   3139.00
   3139.00
   3139.00
   3139.00
   3139.00
   3139.00
   3139.00
   3139.00
   3139.00
   3139.00
Found a feasible solution after 443 tries 
Found a feasible solution after 4879 tries 
   5835.00
   5835.00
   5835.00
   5530.00
   5530.00
   5530.00
   5370.00
   5370.00
   5370.00
   5370.00
   5370.00
   5362.00
   5362.00
   5362.00
   5362.00
   5291.00
   5291.00
   5291.00
   5291.00
   5291.00
   5277.00
   5277.00
   5277.00
   5277.00
   5264.00
   5264.00
   5113.00
   4997.00
   4997.00
   4858.00
   4858.00
   4858.00
   4560.00
   4314.00
   4314.00
   4314.00
   4313.00
   4313.00
   4263.00
   4263.00
   4263.00
   4263.00
   4263.00
   4263.00
   4263.00
   4090.00
   4090.00
   4085.00
   4034.00
   4034.00
   4034.00
   4034.00
   4034.00
   4005.00
   4005.00
   3783.00
   3783.00
   3783.00
   3783.00
   3783.00
   3783.00
   3661.00
   3661.00
   3661.00
   3660.00
   3642.00
   3442.00
   3442.00
   3442.00
   3442.00
   3442.00
   3363.00
   3363.00
   3284.00
   3284.00
   3245.00
   3139.00
   3139.00
   3139.00
   3139.00
   3139.00
   3139.00
   3139.00
   3139.00
Found a feasible solution after 3161 tries 
Found a feasible solution after 7891 tries 
   5251.00
   5251.00
   5251.00
   5251.00
   5251.00
   5251.00
   5251.00
   5251.00
   5251.00
   5251.00
   5251.00
   5251.00
   5251.00
   5251.00
   5251.00
   5251.00
   4722.00
   4722.00
   4722.00
   4722.00
   4722.00
   4722.00
   4474.00
   4474.00
   4474.00
   4328.00
   4328.00
   4270.50
   4222.50
   4222.50
   4061.00
   4061.00
   4061.00
   3975.00
   3975.00
   3975.00
   3975.00
   3969.00
   3969.00
   3969.00
   3969.00
   3969.00
   3916.00
   3916.00
   3916.00
   3916.00
   3916.00
   3916.00
   3862.00
   3862.00
   3862.00
   3698.00
   3698.00
   3698.00
   3698.00
   3657.00
   3653.00
   3653.00
   3653.00
   3653.00
   3311.00
   3311.00
   3311.00
   3283.00
   3283.00
   3283.00
   3283.00
   3283.00
   3283.00
   3283.00
   3139.00
   3139.00
   3139.00
   3139.00
   3139.00
   3139.00
   3139.00
Found a feasible solution after 16944 tries 
Found a feasible solution after 18178 tries 
   4464.00
   4464.00
   4464.00
   4464.00
   4464.00
   4464.00
   4464.00
   4314.00
   4297.00
   4297.00
   4297.00
   4297.00
   4297.00
   4276.00
   4276.00
   4276.00
   4186.00
   4186.00
   4186.00
   4186.00
   4186.00
   4186.00
   4186.00
   4186.00
   4186.00
   4186.00
   4186.00
   4186.00
   4186.00
   4186.00
   4157.00
   4139.00
   4139.00
   4139.00
   4005.00
   4005.00
   4005.00
   3987.00
   3987.00
   3907.00
   3907.00
   3907.00
   3712.00
   3712.00
   3711.00
   3317.00
   3317.00
   3317.00
   3284.00
   3284.00
   3284.00
   3139.00
   3139.00
   3139.00
   3139.00
   3139.00
   3139.00
   3139.00
   3139.00
   3139.00
   3139.00
   3139.00
   3139.00
   3139.00
   3139.00
   3139.00
   3139.00
Found a feasible solution after 42727 tries 
Found a feasible solution after 2180 tries 
   5245.00
   5245.00
   5245.00
   5245.00
   5245.00
   5245.00
   5245.00
   5245.00
   5245.00
   5117.00
   5117.00
   4857.00
   4857.00
   4857.00
   4857.00
   4857.00
   4857.00
   4857.00
   4857.00
   4730.00
   4625.00
   4625.00
   4625.00
   4528.00
   4528.00
   4528.00
   4528.00
   4289.00
   4289.00
   4117.00
   4117.00
   3800.00
   3800.00
   3800.00
   3800.00
   3798.00
   3798.00
   3798.00
   3798.00
   3798.00
   3798.00
   3773.00
   3676.00
   3676.00
   3676.00
   3676.00
   3676.00
   3676.00
   3676.00
   3676.00
   3676.00
   3676.00
   3676.00
   3676.00
   3598.00
   3324.00
   3324.00
   3324.00
   3324.00
   3324.00
   3324.00
   3139.00
   3139.00
   3139.00
   3139.00
   3139.00
   3139.00
   3139.00
   3139.00
   3139.00
   3139.00
   3139.00
   3139.00
   3139.00
Found a feasible solution after 2874 tries 
Found a feasible solution after 33255 tries 
   5376.00
   5376.00
   5376.00
   5376.00
   5376.00
   5376.00
   5376.00
   5376.00
   5376.00
   5376.00
   5376.00
   5376.00
   5376.00
   5376.00
   5376.00
   5000.00
   5000.00
   5000.00
   5000.00
   5000.00
   5000.00
   5000.00
   5000.00
   5000.00
   5000.00
   5000.00
   4965.00
   4965.00
   4965.00
   4965.00
   4965.00
   4817.00
   4678.00
   4678.00
   4575.00
   4407.00
   4260.00
   4260.00
   4260.00
   4090.00
   4090.00
   4090.00
   4090.00
   4090.00
   4068.00
   4068.00
   4068.00
   4068.00
   4030.00
   3985.00
   3985.00
   3985.00
   3892.00
   3892.00
   3851.00
   3851.00
   3851.00
   3851.00
   3851.00
   3851.00
   3851.00
   3564.00
   3510.00
   3510.00
   3510.00
   3510.00
   3324.00
   3324.00
   3324.00
   3324.00
   3324.00
   3324.00
   3166.00
   3166.00
   3166.00
   3166.00
   3166.00
   3166.00
   3139.00
   3139.00
   3139.00
   3139.00
   3139.00
   3139.00
   3139.00
Found a feasible solution after 5219 tries 
Found a feasible solution after 26488 tries 
   4961.00
   4961.00
   4961.00
   4961.00
   4961.00
   4704.00
   4704.00
   4704.00
   4704.00
   4704.00
   4704.00
   4704.00
   4704.00
   4704.00
   4704.00
   4704.00
   4704.00
   4704.00
   4704.00
   4704.00
   4704.00
   4704.00
   4704.00
   4704.00
   4704.00
   4704.00
   4704.00
   4704.00
   4704.00
   4704.00
   4387.00
   4387.00
   4387.00
   4387.00
   4387.00
   4387.00
   4387.00
   4387.00
   4387.00
   4387.00
   4387.00
   4387.00
   4387.00
   4387.00
   4387.00
   4387.00
   4387.00
   4387.00
   4387.00
   4274.00
   4274.00
   4186.00
   4186.00
   3989.00
   3948.00
   3805.00
   3805.00
   3696.00
   3696.00
   3551.00
   3551.00
   3551.00
   3551.00
   3551.00
   3461.00
   3461.00
   3352.00
   3282.00
   3282.00
   3282.00
   3139.00
   3139.00
   3139.00
   3139.00
   3139.00
   3139.00
   3139.00
   3139.00
   3139.00
   3139.00
   3139.00
   3139.00
   3139.00
   3139.00
   3139.00
Found a feasible solution after 13381 tries 
Found a feasible solution after 8787 tries 
   5454.00
   5454.00
   5454.00
   5454.00
   5454.00
   5291.00
   5291.00
   5291.00
   5291.00
   5241.00
   5124.00
   5124.00
   5124.00
   5124.00
   4992.00
   4992.00
   4901.00
   4742.00
   4467.00
   4467.00
   4467.00
   4467.00
   4061.00
   4061.00
   4061.00
   4061.00
   4061.00
   4061.00
   4061.00
   4011.00
   4011.00
   4011.00
   4011.00
   4011.00
   3807.00
   3807.00
   3807.00
   3807.00
   3807.00
   3807.00
   3807.00
   3807.00
   3807.00
   3507.00
   3436.00
   3436.00
   3436.00
   3436.00
   3436.00
   3436.00
   3436.00
   3426.00
   3426.00
   3426.00
   3426.00
   3411.00
   3347.00
   3320.00
   3139.00
   3139.00
   3139.00
   3139.00
   3139.00
   3139.00
   3139.00
   3139.00
   3139.00
   3139.00
   3139.00
Found a feasible solution after 58356 tries 
Found a feasible solution after 12702 tries 
   5001.00
   5001.00
   5001.00
   5001.00
   5001.00
   5001.00
   5001.00
   5001.00
   4664.00
   4664.00
   4467.00
   4467.00
   4467.00
   4467.00
   4467.00
   4467.00
   4467.00
   4467.00
   4408.00
   4408.00
   4408.00
   4139.00
   4139.00
   4139.00
   4139.00
   4139.00
   4139.00
   4139.00
   4139.00
   4139.00
   4139.00
   3998.00
   3998.00
   3997.00
   3819.00
   3819.00
   3819.00
   3819.00
   3807.00
   3737.00
   3737.00
   3737.00
   3737.00
   3737.00
   3737.00
   3737.00
   3737.00
   3684.00
   3644.00
   3644.00
   3644.00
   3644.00
   3348.00
   3348.00
   3302.00
   3139.00
   3139.00
   3139.00
   3139.00
   3139.00
   3139.00
   3139.00
   3139.00
   3139.00
   3139.00
   3139.00
   3139.00
   3139.00
Found a feasible solution after 4397 tries 
Found a feasible solution after 16518 tries 
   5496.00
   5496.00
   5496.00
   5496.00
   5444.00
   5444.00
   5444.00
   5444.00
   5444.00
   5444.00
   5444.00
   5160.00
   5039.00
   5039.00
   4989.00
   4989.00
   4889.00
   4776.00
   4776.00
   4701.00
   4682.00
   4672.00
   4672.00
   4672.00
   4672.00
   4672.00
   4614.00
   4614.00
   4204.00
   4099.00
   4099.00
   4086.00
   4086.00
   4086.00
   4086.00
   4068.00
   4068.00
   4068.00
   4068.00
   4068.00
   4068.00
   4068.00
   4068.00
   4068.00
   4068.00
   4068.00
   4068.00
   4068.00
   3936.00
   3936.00
   3846.00
   3792.00
   3705.00
   3611.00
   3611.00
   3611.00
   3611.00
   3600.00
   3594.00
   3594.00
   3469.00
   3398.00
   3398.00
   3365.00
   3365.00
   3365.00
   3365.00
   3285.00
   3285.00
   3285.00
   3285.00
   3140.00
   3140.00
   3140.00
   3140.00
   3140.00
   3140.00
   3140.00
   3139.00
   3139.00
   3139.00
   3139.00
   3139.00
   3139.00
Found a feasible solution after 1698 tries 
Found a feasible solution after 2531 tries 
   5373.00
   5373.00
   5373.00
   5373.00
   5373.00
   5373.00
   5373.00
   5373.00
   5373.00
   5373.00
   5373.00
   5373.00
   5373.00
   5373.00
   5373.00
   5373.00
   5373.00
   5219.00
   5219.00
   5219.00
   5219.00
   5219.00
   5219.00
   5219.00
   5219.00
   4941.00
   4941.00
   4941.00
   4941.00
   4941.00
   4941.00
   4941.00
   4473.00
   4473.00
   4473.00
   4473.00
   4473.00
   4388.00
   4241.00
   4241.00
   4208.00
   3890.00
   3890.00
   3890.00
   3890.00
   3890.00
   3890.00
   3890.00
   3870.00
   3801.00
   3688.00
   3688.00
   3669.00
   3669.00
   3405.00
   3405.00
   3405.00
   3405.00
   3405.00
   3405.00
   3405.00
   3405.00
   3405.00
   3405.00
   3311.00
   3311.00
   3284.00
   3284.00
   3139.00
   3139.00
   3139.00
   3139.00
   3139.00
   3139.00
   3139.00
   3139.00
Found a feasible solution after 60139 tries 
Found a feasible solution after 6678 tries 
   5308.00
   5308.00
   5227.00
   5227.00
   5227.00
   5227.00
   5101.00
   5101.00
   5101.00
   5101.00
   5101.00
   5101.00
   5101.00
   5101.00
   5101.00
   5101.00
   5101.00
   5101.00
   5101.00
   5101.00
   4992.00
   4992.00
   4992.00
   4992.00
   4992.00
   4890.00
   4890.00
   4890.00
   4890.00
   4890.00
   4890.00
   4890.00
   4890.00
   4803.00
   4753.00
   4753.00
   4753.00
   4753.00
   4711.00
   4711.00
   4672.00
   4672.00
   4672.00
   4672.00
   4604.00
   4604.00
   4205.00
   4205.00
   4051.00
   4051.00
   3796.00
   3592.00
   3576.00
   3576.00
   3576.00
   3576.00
   3576.00
   3561.00
   3561.00
   3521.00
   3521.00
   3451.00
   3451.00
   3451.00
   3451.00
   3378.00
   3378.00
   3324.00
   3291.00
   3166.00
   3166.00
   3166.00
   3166.00
   3166.00
   3166.00
   3139.00
   3139.00
   3139.00
   3139.00
   3139.00
Found a feasible solution after 69501 tries 
Found a feasible solution after 59937 tries 
   5946.00
   5946.00
   5946.00
   5946.00
   5946.00
   5946.00
   5946.00
   5946.00
   5946.00
   5946.00
   5946.00
   5946.00
   5946.00
   5946.00
   5946.00
   5892.00
   5842.00
   5842.00
   5578.00
   5578.00
   5578.00
   5578.00
   5578.00
   5476.00
   5358.00
   5358.00
   5358.00
   5358.00
   5358.00
   5358.00
   5358.00
   5253.00
   5253.00
   5185.00
   5155.00
   5155.00
   5155.00
   5155.00
   5155.00
   5155.00
   5155.00
   5155.00
   4909.00
   4909.00
   4623.00
   4510.00
   4510.00
   4510.00
   4510.00
   4510.00
   4510.00
   4510.00
   4510.00
   4510.00
   4510.00
   4510.00
   4506.00
   4506.00
   4506.00
   4358.00
   3994.00
   3994.00
   3994.00
   3994.00
   3994.00
   3994.00
   3966.00
   3966.00
   3966.00
   3670.00
   3624.00
   3420.00
   3420.00
   3420.00
   3420.00
   3403.00
   3403.00
   3403.00
   3403.00
   3403.00
   3403.00
   3403.00
   3324.00
   3199.00
   3166.00
   3166.00
   3139.00
   3139.00
   3139.00
   3139.00
Found a feasible solution after 69501 tries 
Found a feasible solution after 59937 tries 
   5946.00
   5946.00
   5946.00
   5946.00
   5946.00
   5946.00
   5946.00
   5946.00
   5946.00
   5946.00
   5946.00
   5946.00
   5946.00
   5946.00
   5946.00
   5892.00
   5842.00
   5842.00
   5578.00
   5578.00
   5578.00
   5578.00
   5578.00
   5476.00
   5358.00
   5358.00
   5358.00
   5358.00
   5358.00
   5358.00
   5358.00
   5253.00
   5253.00
   5185.00
   5155.00
   5155.00
   5155.00
   5155.00
   5155.00
   5155.00
   5155.00
   5155.00
   4909.00
   4909.00
   4623.00
   4510.00
   4510.00
   4510.00
   4510.00
   4510.00
   4510.00
   4510.00
   4510.00
   4510.00
   4510.00
   4510.00
   4506.00
   4506.00
   4506.00
   4358.00
   3994.00
   3994.00
   3994.00
   3994.00
   3994.00
   3994.00
   3966.00
   3966.00
   3966.00
   3670.00
   3624.00
   3420.00
   3420.00
   3420.00
   3420.00
   3403.00
   3403.00
   3403.00
   3403.00
   3403.00
   3403.00
   3403.00
   3324.00
   3199.00
   3166.00
   3166.00
   3139.00
   3139.00
   3139.00
   3139.00
Found a feasible solution after 10717 tries 
Found a feasible solution after 1263 tries 
   6059.00
   5438.00
   5438.00
   5438.00
   5438.00
   5237.00
   5237.00
   5237.00
   5237.00
   5237.00
   5237.00
   5237.00
   5139.00
   5139.00
   5024.00
   5024.00
   5024.00
   5024.00
   5024.00
   5007.00
   5007.00
   5007.00
   5007.00
   5007.00
   5007.00
   5007.00
   5007.00
   5007.00
   4919.00
   4919.00
   4856.00
   4736.00
   4736.00
   4736.00
   4736.00
   4736.00
   4736.00
   4734.00
   4716.00
   4716.00
   4499.00
   4499.00
   4499.00
   4499.00
   4395.00
   4395.00
   4252.00
   4170.00
   4148.00
   4148.00
   4088.00
   4088.00
   3996.00
   3996.00
   3996.00
   3996.00
   3783.00
   3783.00
   3783.00
   3783.00
   3783.00
   3623.00
   3623.00
   3623.00
   3623.00
   3532.00
   3374.00
   3374.00
   3321.00
   3139.00
   3139.00
   3139.00
   3139.00
   3139.00
   3139.00
   3139.00
   3139.00
   3139.00
   3139.00
   3139.00
   3139.00
Found a feasible solution after 10372 tries 
Found a feasible solution after 902 tries 
   4585.00
   4585.00
   4585.00
   4585.00
   4585.00
   4500.00
   4500.00
   4500.00
   4500.00
   4500.00
   4447.00
   4406.00
   4406.00
   4406.00
   4406.00
   4406.00
   4336.00
   4336.00
   4336.00
   4336.00
   4336.00
   4336.00
   4336.00
   4336.00
   4336.00
   4182.00
   4182.00
   4182.00
   4182.00
   4182.00
   4182.00
   4182.00
   4182.00
   4182.00
   4182.00
   4132.00
   4132.00
   4132.00
   4121.00
   4121.00
   4121.00
   4092.00
   4063.00
   4063.00
   4063.00
   4019.00
   4019.00
   4019.00
   4019.00
   3949.00
   3680.00
   3567.00
   3567.00
   3567.00
   3348.00
   3348.00
   3348.00
   3348.00
   3348.00
   3348.00
   3219.00
   3219.00
   3219.00
   3219.00
   3139.00
   3139.00
   3139.00
   3139.00
   3139.00
   3139.00
   3139.00
   3139.00
Found a feasible solution after 10372 tries 
Found a feasible solution after 902 tries 
   4585.00
   4585.00
   4585.00
   4585.00
   4585.00
   4500.00
   4500.00
   4500.00
   4500.00
   4500.00
   4447.00
   4406.00
   4406.00
   4406.00
   4406.00
   4406.00
   4336.00
   4336.00
   4336.00
   4336.00
   4336.00
   4336.00
   4336.00
   4336.00
   4336.00
   4182.00
   4182.00
   4182.00
   4182.00
   4182.00
   4182.00
   4182.00
   4182.00
   4182.00
   4182.00
   4132.00
   4132.00
   4132.00
   4121.00
   4121.00
   4121.00
   4092.00
   4063.00
   4063.00
   4063.00
   4019.00
   4019.00
   4019.00
   4019.00
   3949.00
   3680.00
   3567.00
   3567.00
   3567.00
   3348.00
   3348.00
   3348.00
   3348.00
   3348.00
   3348.00
   3219.00
   3219.00
   3219.00
   3219.00
   3139.00
   3139.00
   3139.00
   3139.00
   3139.00
   3139.00
   3139.00
   3139.00
Found a feasible solution after 59702 tries 
Found a feasible solution after 12296 tries 
   5172.00
   5172.00
   5172.00
   5172.00
   5172.00
   5172.00
   5172.00
   5172.00
   5172.00
   5049.00
   5041.00
   5041.00
   5041.00
   5014.00
   5014.00
   4966.00
   4602.00
   4596.00
   4588.00
   4588.00
   4588.00
   4588.00
   4588.00
   4369.00
   4257.00
   4257.00
   4257.00
   4257.00
   4257.00
   4228.00
   4228.00
   4228.00
   4228.00
   4127.00
   4127.00
   4127.00
   4117.00
   4117.00
   4117.00
   4037.00
   4037.00
   4037.00
   4037.00
   4037.00
   3976.00
   3803.00
   3803.00
   3798.00
   3795.00
   3598.00
   3598.00
   3598.00
   3553.00
   3553.00
   3553.00
   3553.00
   3553.00
   3553.00
   3499.00
   3499.00
   3449.00
   3449.00
   3317.00
   3139.00
   3139.00
   3139.00
   3139.00
   3139.00
   3139.00
   3139.00
   3139.00
   3139.00
   3139.00
   3139.00
   3139.00
Found a feasible solution after 13465 tries 
Found a feasible solution after 5587 tries 
   5366.00
   5366.00
   5366.00
   5223.00
   5223.00
   5223.00
   5223.00
   5223.00
   5223.00
   5223.00
   4959.00
   4888.00
   4888.00
   4740.00
   4740.00
   4740.00
   4666.00
   4666.00
   4666.00
   4616.00
   4616.00
   4616.00
   4616.00
   4616.00
   4616.00
   4616.00
   4616.00
   4616.00
   4616.00
   4616.00
   4555.00
   4555.00
   4555.00
   4555.00
   4555.00
   4555.00
   4555.00
   4385.00
   4159.00
   4159.00
   4159.00
   4159.00
   3947.00
   3947.00
   3926.00
   3926.00
   3619.00
   3559.00
   3362.00
   3362.00
   3362.00
   3263.00
   3263.00
   3263.00
   3263.00
   3158.00
   3158.00
   3158.00
   3158.00
   3158.00
   3158.00
   3158.00
   3157.00
   3157.00
   3157.00
   3139.00
   3139.00
   3139.00
   3139.00
   3139.00
   3139.00
   3139.00
   3139.00
   3139.00
   3139.00
Found a feasible solution after 38837 tries 
Found a feasible solution after 16151 tries 
   5530.00
   5530.00
   5530.00
   5530.00
   5530.00
   5530.00
   5530.00
   5530.00
   5530.00
   5530.00
   5530.00
   5530.00
   5420.00
   5420.00
   5420.00
   5063.00
   4985.00
   4985.00
   4985.00
   4985.00
   4985.00
   4985.00
   4985.00
   4985.00
   4985.00
   4985.00
   4985.00
   4985.00
   4985.00
   4985.00
   4985.00
   4958.00
   4958.00
   4958.00
   4958.00
   4952.00
   4952.00
   4952.00
   4952.00
   4952.00
   4952.00
   4952.00
   4952.00
   4952.00
   4952.00
   4734.00
   4734.00
   4734.00
   4246.00
   4246.00
   4246.00
   4245.00
   4201.00
   4178.00
   3588.00
   3588.00
   3570.00
   3552.00
   3427.00
   3416.00
   3383.00
   3330.00
   3330.00
   3330.00
   3330.00
   3330.00
   3311.00
   3311.00
   3311.00
   3311.00
   3311.00
   3311.00
   3311.00
   3166.00
   3166.00
   3166.00
   3166.00
   3166.00
   3139.00
   3139.00
   3139.00
   3139.00
   3139.00
   3139.00
Found a feasible solution after 1253 tries 
Found a feasible solution after 23756 tries 
   4069.00
   4069.00
   4069.00
   4069.00
   4069.00
   4069.00
   4069.00
   4069.00
   4069.00
   4069.00
   4069.00
   4069.00
   4069.00
   4069.00
   4069.00
   4069.00
   4069.00
   4069.00
   4069.00
   4069.00
   4069.00
   4069.00
   3997.00
   3997.00
   3997.00
   3997.00
   3997.00
   3997.00
   3997.00
   3997.00
   3997.00
   3997.00
   3997.00
   3997.00
   3831.00
   3831.00
   3831.00
   3831.00
   3831.00
   3831.00
   3831.00
   3831.00
   3831.00
   3831.00
   3821.00
   3821.00
   3821.00
   3788.00
   3402.00
   3402.00
   3384.00
   3384.00
   3384.00
   3384.00
   3239.00
   3239.00
   3140.00
   3140.00
   3140.00
   3140.00
   3140.00
   3140.00
   3140.00
   3140.00
   3140.00
   3140.00
   3139.00
   3139.00
   3139.00
   3139.00
   3139.00
   3139.00
Found a feasible solution after 15531 tries 
Found a feasible solution after 8423 tries 
   4697.00
   4697.00
   4697.00
   4697.00
   4697.00
   4697.00
   4697.00
   4697.00
   4697.00
   4697.00
   4697.00
   4697.00
   4697.00
   4697.00
   4697.00
   4697.00
   4382.00
   4382.00
   4382.00
   4382.00
   4382.00
   4382.00
   4202.00
   4202.00
   4202.00
   4202.00
   4202.00
   4202.00
   4202.00
   4202.00
   4202.00
   4202.00
   4202.00
   4202.00
   4202.00
   4168.00
   4168.00
   4168.00
   4160.00
   4160.00
   4160.00
   4160.00
   4160.00
   4160.00
   4160.00
   4160.00
   4160.00
   4160.00
   4160.00
   4160.00
   4110.00
   3758.00
   3440.00
   3440.00
   3317.00
   3317.00
   3317.00
   3317.00
   3317.00
   3317.00
   3317.00
   3317.00
   3317.00
   3317.00
   3139.00
   3139.00
   3139.00
   3139.00
   3139.00
   3139.00
   3139.00
   3139.00
   3139.00
   3139.00
   3139.00
   3139.00
Found a feasible solution after 14424 tries 
Found a feasible solution after 16486 tries 
   4748.00
   4748.00
   4748.00
   4748.00
   4748.00
   4748.00
   4748.00
   4748.00
   4748.00
   4748.00
   4748.00
   4748.00
   4748.00
   4748.00
   4748.00
   4748.00
   4748.00
   4748.00
   4748.00
   4748.00
   4748.00
   4748.00
   4592.00
   4592.00
   4592.00
   4592.00
   4434.00
   4434.00
   4173.00
   4173.00
   4173.00
   4173.00
   4173.00
   4173.00
   4173.00
   4173.00
   4173.00
   4173.00
   4173.00
   4114.00
   4106.00
   4106.00
   4106.00
   3889.00
   3889.00
   3889.00
   3889.00
   3889.00
   3889.00
   3874.00
   3874.00
   3874.00
   3867.00
   3670.00
   3670.00
   3670.00
   3427.00
   3427.00
   3427.00
   3427.00
   3427.00
   3427.00
   3427.00
   3318.00
   3318.00
   3318.00
   3140.00
   3140.00
   3140.00
   3140.00
   3140.00
   3140.00
   3140.00
   3140.00
   3140.00
   3140.00
   3140.00
   3140.00
   3140.00
   3140.00
   3139.00
   3139.00
Found a feasible solution after 12481 tries 
Found a feasible solution after 26828 tries 
   5404.00
   5404.00
   5404.00
   5404.00
   5404.00
   5404.00
   5404.00
   5404.00
   5404.00
   5404.00
   5404.00
   5404.00
   5404.00
   5404.00
   5404.00
   5404.00
   5191.00
   5191.00
   5191.00
   5191.00
   5191.00
   4987.00
   4668.00
   4668.00
   4668.00
   4668.00
   4668.00
   4668.00
   4668.00
   4668.00
   4668.00
   4668.00
   4668.00
   4668.00
   4642.00
   4642.00
   4642.00
   4496.00
   4496.00
   4391.00
   4391.00
   4391.00
   4391.00
   4304.00
   4304.00
   4304.00
   4304.00
   4304.00
   4304.00
   4247.00
   4031.00
   4031.00
   3973.00
   3973.00
   3973.00
   3959.00
   3959.00
   3959.00
   3959.00
   3752.00
   3752.00
   3752.00
   3683.00
   3683.00
   3526.00
   3526.00
   3526.00
   3526.00
   3526.00
   3526.00
   3370.00
   3344.00
   3326.00
   3325.00
   3325.00
   3325.00
   3139.00
   3139.00
   3139.00
   3139.00
   3139.00
   3139.00
   3139.00
   3139.00
Found a feasible solution after 35083 tries 
Found a feasible solution after 22536 tries 
   5109.00
   5109.00
   5109.00
   5109.00
   4705.00
   4705.00
   4705.00
   4705.00
   4705.00
   4705.00
   4705.00
   4705.00
   4613.00
   4607.00
   4607.00
   4607.00
   4607.00
   4607.00
   4607.00
   4607.00
   4607.00
   4607.00
   4607.00
   4607.00
   4607.00
   4607.00
   4607.00
   4607.00
   4607.00
   4607.00
   4607.00
   4178.00
   4178.00
   4178.00
   4178.00
   4117.00
   4117.00
   4057.00
   4057.00
   4057.00
   4057.00
   4057.00
   4057.00
   4057.00
   4057.00
   4057.00
   4057.00
   4057.00
   4057.00
   4057.00
   4057.00
   4057.00
   4041.00
   4030.00
   4024.00
   4024.00
   4024.00
   3997.00
   3997.00
   3997.00
   3891.00
   3891.00
   3858.00
   3858.00
   3857.00
   3857.00
   3540.00
   3522.00
   3522.00
   3522.00
   3522.00
   3522.00
   3442.00
   3442.00
   3442.00
   3442.00
   3441.00
   3441.00
   3283.00
   3139.00
   3139.00
   3139.00
   3139.00
   3139.00
   3139.00
   3139.00
   3139.00
Found a feasible solution after 143 tries 
Found a feasible solution after 65 tries 
   5350.00
   5350.00
   5350.00
   5332.00
   5332.00
   5155.00
   5155.00
   4980.00
   4855.00
   4826.00
   4826.00
   4826.00
   4632.00
   4632.00
   4500.00
   4500.00
   4500.00
   4500.00
   4264.00
   4264.00
   4264.00
   4264.00
   4104.00
   4104.00
   4104.00
   4104.00
   4082.00
   4082.00
   4082.00
   4082.00
   4018.00
   4018.00
   4018.00
   4018.00
   3949.00
   3642.00
   3642.00
   3529.00
   3529.00
   3529.00
   3529.00
   3453.00
   3446.00
   3446.00
   3327.00
   3277.00
   3091.00
   3091.00
   3091.00
   3042.00
   3042.00
   3042.00
   3042.00
   3041.00
   2910.00
   2910.00
   2910.00
   2910.00
   2910.00
   2875.50
   2770.00
   2770.00
   2770.00
   2770.00
   2706.00
   2706.00
   2706.00
   2706.00
   2706.00
   2706.00
   2706.00
   2706.00
   2706.00
Found a feasible solution after 114 tries 
Found a feasible solution after 141 tries 
   5256.00
   5256.00
   5256.00
   5256.00
   5256.00
   4704.00
   4704.00
   4253.00
   4253.00
   4253.00
   4253.00
   4253.00
   4030.00
   4030.00
   4030.00
   4030.00
   4030.00
   4030.00
   3954.00
   3945.00
   3945.00
   3859.00
   3859.00
   3859.00
   3859.00
   3859.00
   3859.00
   3859.00
   3761.00
   3761.00
   3698.00
   3698.00
   3698.00
   3616.00
   3501.00
   3501.00
   3501.00
   3501.00
   3501.00
   3501.00
   3501.00
   3501.00
   3444.00
   3444.00
   3444.00
   3444.00
   3444.00
   3426.00
   3296.00
   3296.00
   3296.00
   3296.00
   3269.00
   3269.00
   3253.00
   3197.00
   3197.00
   3197.00
   3197.00
   3034.00
   3034.00
   2876.00
   2876.00
   2876.00
   2876.00
   2876.00
   2770.00
   2770.00
   2770.00
   2770.00
   2770.00
   2770.00
   2770.00
   2706.00
   2706.00
   2706.00
   2706.00
   2706.00
Found a feasible solution after 338 tries 
Found a feasible solution after 55 tries 
   4719.00
   4719.00
   4719.00
   4719.00
   4719.00
   4719.00
   4719.00
   4719.00
   4719.00
   4613.00
   4613.00
   4613.00
   4613.00
   4559.00
   4559.00
   4559.00
   4559.00
   4355.00
   4355.00
   4355.00
   4355.00
   4355.00
   4355.00
   4355.00
   4065.00
   4065.00
   4065.00
   4065.00
   4065.00
   4065.00
   3987.00
   3987.00
   3987.00
   3856.00
   3734.00
   3734.00
   3603.00
   3496.00
   3452.00
   3452.00
   3452.00
   3452.00
   3452.00
   3452.00
   3452.00
   3414.00
   3202.00
   3201.00
   3201.00
   3201.00
   3201.00
   3201.00
   3201.00
   3090.00
   3090.00
   2993.00
   2993.00
   2971.50
   2971.50
   2970.00
   2907.50
   2873.00
   2873.00
   2873.00
   2786.00
   2786.00
   2786.00
   2706.00
   2706.00
   2706.00
   2706.00
   2706.00
   2706.00
   2706.00
Found a feasible solution after 338 tries 
Found a feasible solution after 55 tries 
   4719.00
   4719.00
   4719.00
   4719.00
   4719.00
   4719.00
   4719.00
   4719.00
   4719.00
   4613.00
   4613.00
   4613.00
   4613.00
   4559.00
   4559.00
   4559.00
   4559.00
   4355.00
   4355.00
   4355.00
   4355.00
   4355.00
   4355.00
   4355.00
   4065.00
   4065.00
   4065.00
   4065.00
   4065.00
   4065.00
   3987.00
   3987.00
   3987.00
   3856.00
   3734.00
   3734.00
   3603.00
   3496.00
   3452.00
   3452.00
   3452.00
   3452.00
   3452.00
   3452.00
   3452.00
   3414.00
   3202.00
   3201.00
   3201.00
   3201.00
   3201.00
   3201.00
   3201.00
   3090.00
   3090.00
   2993.00
   2993.00
   2971.50
   2971.50
   2970.00
   2907.50
   2873.00
   2873.00
   2873.00
   2786.00
   2786.00
   2786.00
   2706.00
   2706.00
   2706.00
   2706.00
   2706.00
   2706.00
   2706.00
Found a feasible solution after 589 tries 
Found a feasible solution after 1502 tries 
   4837.00
   4837.00
   4719.00
   4302.00
   4302.00
   4302.00
   4302.00
   4302.00
   4302.00
   4302.00
   4302.00
   4302.00
   4302.00
   4302.00
   4302.00
   4302.00
   4302.00
   4302.00
   4302.00
   4302.00
   4302.00
   4302.00
   4302.00
   4302.00
   4302.00
   4302.00
   4243.50
   4243.50
   4243.50
   4161.00
   4161.00
   3810.00
   3810.00
   3810.00
   3810.00
   3731.00
   3731.00
   3731.00
   3713.00
   3556.00
   3556.00
   3556.00
   3556.00
   3556.00
   3556.00
   3413.00
   3413.00
   3413.00
   3365.00
   3315.00
   3089.00
   3078.00
   3078.00
   3078.00
   3078.00
   3078.00
   2945.00
   2945.00
   2945.00
   2945.00
   2945.00
   2925.00
   2925.00
   2925.00
   2925.00
   2860.00
   2778.00
   2778.00
   2770.00
   2706.00
   2706.00
   2706.00
   2706.00
   2706.00
Found a feasible solution after 589 tries 
Found a feasible solution after 1502 tries 
   4837.00
   4837.00
   4719.00
   4302.00
   4302.00
   4302.00
   4302.00
   4302.00
   4302.00
   4302.00
   4302.00
   4302.00
   4302.00
   4302.00
   4302.00
   4302.00
   4302.00
   4302.00
   4302.00
   4302.00
   4302.00
   4302.00
   4302.00
   4302.00
   4302.00
   4302.00
   4243.50
   4243.50
   4243.50
   4161.00
   4161.00
   3810.00
   3810.00
   3810.00
   3810.00
   3731.00
   3731.00
   3731.00
   3713.00
   3556.00
   3556.00
   3556.00
   3556.00
   3556.00
   3556.00
   3413.00
   3413.00
   3413.00
   3365.00
   3315.00
   3089.00
   3078.00
   3078.00
   3078.00
   3078.00
   3078.00
   2945.00
   2945.00
   2945.00
   2945.00
   2945.00
   2925.00
   2925.00
   2925.00
   2925.00
   2860.00
   2778.00
   2778.00
   2770.00
   2706.00
   2706.00
   2706.00
   2706.00
   2706.00
Found a feasible solution after 49 tries 
Found a feasible solution after 694 tries 
   5071.00
   5071.00
   5071.00
   5071.00
   5071.00
   5071.00
   5071.00
   5071.00
   5071.00
   5042.00
   5042.00
   5042.00
   4944.00
   4816.00
   4816.00
   4778.00
   4778.00
   4606.00
   4606.00
   4119.00
   4119.00
   4119.00
   4119.00
   4119.00
   4119.00
   4119.00
   4119.00
   4004.00
   4004.00
   4004.00
   4004.00
   4004.00
   4004.00
   3898.00
   3898.00
   3898.00
   3858.00
   3858.00
   3854.00
   3854.00
   3854.00
   3854.00
   3854.00
   3834.00
   3742.00
   3742.00
   3742.00
   3722.00
   3722.00
   3656.00
   3656.00
   3515.00
   3515.00
   3515.00
   3223.00
   3223.00
   3223.00
   3223.00
   3223.00
   3217.00
   3168.00
   3168.00
   3168.00
   3168.00
   3071.00
   3071.00
   3005.00
   3005.00
   2862.00
   2862.00
   2862.00
   2862.00
   2862.00
   2862.00
   2862.00
   2862.00
   2710.00
   2710.00
   2710.00
   2706.00
   2706.00
Found a feasible solution after 49 tries 
Found a feasible solution after 694 tries 
   5071.00
   5071.00
   5071.00
   5071.00
   5071.00
   5071.00
   5071.00
   5071.00
   5071.00
   5042.00
   5042.00
   5042.00
   4944.00
   4816.00
   4816.00
   4778.00
   4778.00
   4606.00
   4606.00
   4119.00
   4119.00
   4119.00
   4119.00
   4119.00
   4119.00
   4119.00
   4119.00
   4004.00
   4004.00
   4004.00
   4004.00
   4004.00
   4004.00
   3898.00
   3898.00
   3898.00
   3858.00
   3858.00
   3854.00
   3854.00
   3854.00
   3854.00
   3854.00
   3834.00
   3742.00
   3742.00
   3742.00
   3722.00
   3722.00
   3656.00
   3656.00
   3515.00
   3515.00
   3515.00
   3223.00
   3223.00
   3223.00
   3223.00
   3223.00
   3217.00
   3168.00
   3168.00
   3168.00
   3168.00
   3071.00
   3071.00
   3005.00
   3005.00
   2862.00
   2862.00
   2862.00
   2862.00
   2862.00
   2862.00
   2862.00
   2862.00
   2710.00
   2710.00
   2710.00
   2706.00
   2706.00
Found a feasible solution after 820 tries 
Found a feasible solution after 295 tries 
   4451.00
   4451.00
   4451.00
   4451.00
   4451.00
   4451.00
   4451.00
   4451.00
   4451.00
   4451.00
   4206.00
   4206.00
   4206.00
   3990.00
   3839.00
   3839.00
   3839.00
   3839.00
   3839.00
   3839.00
   3839.00
   3839.00
   3839.00
   3839.00
   3685.00
   3628.00
   3628.00
   3582.00
   3549.00
   3482.00
   3482.00
   3453.00
   3453.00
   3453.00
   3453.00
   3453.00
   3330.00
   3242.00
   3242.00
   3182.00
   3182.00
   2935.00
   2935.00
   2935.00
   2935.00
   2935.00
   2935.00
   2935.00
   2935.00
   2935.00
   2914.00
   2868.50
   2795.50
   2795.50
   2778.00
   2706.00
   2706.00
   2706.00
   2706.00
   2706.00
   2706.00
   2706.00
   2706.00
Found a feasible solution after 2411 tries 
Found a feasible solution after 205 tries 
   4722.00
   4722.00
   4722.00
   4722.00
   4722.00
   4722.00
   4722.00
   4722.00
   4722.00
   4722.00
   4431.00
   4431.00
   4431.00
   4431.00
   4138.00
   4138.00
   4108.00
   4108.00
   4108.00
   4004.00
   4004.00
   4004.00
   4004.00
   3923.00
   3923.00
   3860.00
   3593.00
   3593.00
   3593.00
   3593.00
   3593.00
   3593.00
   3593.00
   3593.00
   3593.00
   3593.00
   3526.00
   3526.00
   3526.00
   3526.00
   3281.00
   3281.00
   3281.00
   3281.00
   3281.00
   3281.00
   3281.00
   3281.00
   3281.00
   3281.00
   3281.00
   3281.00
   3225.00
   3135.00
   3135.00
   3135.00
   3135.00
   3085.00
   3085.00
   3085.00
   3085.00
   3085.00
   3085.00
   3085.00
   3085.00
   3085.00
   3047.00
   3047.00
   3047.00
   2980.00
   2980.00
   2855.00
   2855.00
   2855.00
   2796.50
   2796.50
   2794.50
   2794.50
   2706.00
   2706.00
   2706.00
   2706.00
   2706.00
   2706.00
   2706.00
   2706.00
   2706.00
   2706.00
Found a feasible solution after 1145 tries 
Found a feasible solution after 339 tries 
   5476.00
   5476.00
   5476.00
   5476.00
   5013.00
   5013.00
   5013.00
   5013.00
   5013.00
   5013.00
   5013.00
   5013.00
   4756.00
   4756.00
   4739.00
   4739.00
   4739.00
   4739.00
   4739.00
   4512.00
   4512.00
   4512.00
   4386.00
   4386.00
   4386.00
   4386.00
   4386.00
   4386.00
   4386.00
   4386.00
   4386.00
   4386.00
   4386.00
   4386.00
   4386.00
   4341.00
   4100.00
   4100.00
   4100.00
   4100.00
   4055.00
   3986.00
   3986.00
   3958.00
   3840.00
   3840.00
   3794.00
   3794.00
   3618.00
   3475.00
   3475.00
   3475.00
   3475.00
   3457.00
   3457.00
   3457.00
   3457.00
   3457.00
   3421.00
   3298.00
   3298.00
   3205.00
   3139.00
   3139.00
   3139.00
   3139.00
   3139.00
   3139.00
   3059.00
   3059.00
   3059.00
   3026.00
   3026.00
   3026.00
   3026.00
   3020.00
   2862.00
   2862.00
   2855.00
   2855.00
   2855.00
   2855.00
   2710.00
   2710.00
   2710.00
   2710.00
   2710.00
   2710.00
   2710.00
   2710.00
   2706.00
   2706.00
Found a feasible solution after 295 tries 
Found a feasible solution after 313 tries 
   4520.00
   4520.00
   4520.00
   4393.00
   4393.00
   4393.00
   4393.00
   4393.00
   4393.00
   4393.00
   4265.00
   4150.00
   4150.00
   4150.00
   4141.00
   4141.00
   4030.00
   4010.00
   3961.00
   3961.00
   3961.00
   3589.00
   3589.00
   3589.00
   3589.00
   3557.00
   3557.00
   3557.00
   3557.00
   3557.00
   3557.00
   3539.00
   3539.00
   3539.00
   3539.00
   3539.00
   3539.00
   3539.00
   3539.00
   3539.00
   3539.00
   3514.00
   3514.00
   3438.00
   3374.00
   3289.00
   3180.00
   3180.00
   3090.00
   3090.00
   3038.00
   3038.00
   3038.00
   3038.00
   2998.00
   2998.00
   2928.00
   2855.00
   2855.00
   2855.00
   2855.00
   2835.00
   2785.00
   2785.00
   2782.33
   2706.00
   2706.00
   2706.00
   2706.00
   2706.00
   2706.00
   2706.00
Found a feasible solution after 268 tries 
Found a feasible solution after 448 tries 
   5502.00
   5496.00
   5496.00
   5353.00
   5353.00
   5353.00
   5353.00
   5353.00
   5353.00
   5353.00
   5210.00
   5210.00
   5210.00
   5035.00
   5035.00
   5035.00
   5035.00
   4844.00
   4783.00
   4783.00
   4733.00
   4733.00
   4733.00
   4733.00
   4231.00
   4057.00
   4057.00
   4057.00
   4057.00
   4057.00
   4057.00
   4057.00
   4057.00
   4057.00
   4057.00
   4057.00
   4047.00
   3970.00
   3849.00
   3834.00
   3787.00
   3729.00
   3729.00
   3729.00
   3729.00
   3729.00
   3596.00
   3596.00
   3596.00
   3517.00
   3517.00
   3517.00
   3517.00
   3321.00
   3321.00
   3299.00
   3299.00
   3163.00
   3163.00
   3163.00
   3163.00
   3163.00
   3163.00
   3163.00
   3163.00
   3005.00
   2860.00
   2860.00
   2860.00
   2860.00
   2860.00
   2860.00
   2778.00
   2778.00
   2706.00
   2706.00
   2706.00
   2706.00
   2706.00
   2706.00
   2706.00
   2706.00
   2706.00
   2706.00
   2706.00
   2706.00
   2706.00
Found a feasible solution after 448 tries 
Found a feasible solution after 69 tries 
   4368.00
   4368.00
   4368.00
   4368.00
   4368.00
   4368.00
   4368.00
   4142.00
   4142.00
   4142.00
   4124.00
   4124.00
   4124.00
   4124.00
   4124.00
   4124.00
   4019.00
   3981.00
   3981.00
   3981.00
   3981.00
   3981.00
   3941.00
   3904.00
   3904.00
   3904.00
   3904.00
   3828.50
   3828.50
   3828.50
   3807.00
   3690.00
   3618.00
   3477.00
   3270.00
   3270.00
   3060.00
   3060.00
   3017.00
   2901.00
   2901.00
   2901.00
   2901.00
   2901.00
   2901.00
   2901.00
   2901.00
   2901.00
   2901.00
   2901.00
   2901.00
   2896.00
   2888.00
   2888.00
   2710.00
   2710.00
   2710.00
   2710.00
   2710.00
   2710.00
   2706.00
   2706.00
   2706.00
   2706.00
Found a feasible solution after 1255 tries 
Found a feasible solution after 916 tries 
   4597.00
   4597.00
   4520.00
   4520.00
   4520.00
   4520.00
   4395.00
   4395.00
   4395.00
   4395.00
   4395.00
   4395.00
   4366.00
   4366.00
   3833.00
   3833.00
   3833.00
   3619.00
   3619.00
   3619.00
   3619.00
   3619.00
   3619.00
   3619.00
   3521.00
   3521.00
   3521.00
   3521.00
   3521.00
   3521.00
   3521.00
   3521.00
   3521.00
   3521.00
   3521.00
   3521.00
   3521.00
   3521.00
   3521.00
   3521.00
   3510.00
   3510.00
   3510.00
   3510.00
   3510.00
   3412.00
   3375.00
   3346.00
   3191.00
   3191.00
   3027.00
   3027.00
   3027.00
   3027.00
   3027.00
   3027.00
   2937.00
   2937.00
   2937.00
   2923.00
   2865.50
   2865.50
   2848.00
   2848.00
   2848.00
   2848.00
   2848.00
   2770.00
   2770.00
   2770.00
   2770.00
   2706.00
   2706.00
   2706.00
   2706.00
   2706.00
Found a feasible solution after 892 tries 
Found a feasible solution after 3193 tries 
   4147.00
   4147.00
   4147.00
   4147.00
   4147.00
   4147.00
   4147.00
   4147.00
   4147.00
   4147.00
   4147.00
   3989.00
   3989.00
   3989.00
   3989.00
   3989.00
   3989.00
   3989.00
   3989.00
   3989.00
   3989.00
   3989.00
   3989.00
   3989.00
   3989.00
   3989.00
   3604.00
   3604.00
   3604.00
   3604.00
   3604.00
   3514.00
   3504.00
   3504.00
   3504.00
   3504.00
   3504.00
   3466.00
   3338.00
   3338.00
   3276.00
   3276.00
   3276.00
   3251.00
   3251.00
   3251.00
   3251.00
   3251.00
   3251.00
   3127.00
   3127.00
   3127.00
   3127.00
   3054.00
   3054.00
   3010.00
   3009.00
   2937.00
   2937.00
   2937.00
   2937.00
   2829.50
   2749.00
   2706.00
   2706.00
   2706.00
   2706.00
   2706.00
Found a feasible solution after 1194 tries 
Found a feasible solution after 104 tries 
   5258.00
   5258.00
   4461.00
   4461.00
   4411.00
   4411.00
   4411.00
   4411.00
   4411.00
   4411.00
   4411.00
   4411.00
   4411.00
   4411.00
   4411.00
   4411.00
   4411.00
   4411.00
   4301.00
   4236.00
   3975.00
   3975.00
   3975.00
   3975.00
   3975.00
   3975.00
   3975.00
   3975.00
   3975.00
   3975.00
   3975.00
   3975.00
   3975.00
   3880.00
   3880.00
   3758.00
   3758.00
   3758.00
   3653.00
   3653.00
   3473.00
   3473.00
   3444.00
   3444.00
   3408.00
   3408.00
   3398.00
   3293.00
   3293.00
   3273.00
   3273.00
   3183.00
   3183.00
   3166.50
   3042.00
   3012.50
   3012.50
   3012.50
   3007.00
   2864.00
   2835.00
   2835.00
   2835.00
   2710.00
   2710.00
   2710.00
   2710.00
   2710.00
   2710.00
