2253910.00
2253910.00
2253910.00
2253910.00
2253910.00
2253910.00
2253910.00
2253910.00
2253910.00
2253910.00
2253910.00
2253910.00
2253910.00
2253910.00
2253910.00
2253910.00
2253910.00
2253910.00
2253910.00
2253910.00
2253910.00
2253910.00
2253910.00
2253910.00
2253910.00
2253910.00
2253910.00
2253910.00
2253910.00
2253910.00
2253910.00
2253910.00
2253910.00
2253910.00
2253910.00
2253910.00
2253910.00
2253910.00
2253910.00
2253910.00
2253910.00
2253910.00
2253910.00
2253910.00
2253910.00
2253910.00
2253910.00
2253910.00
2253910.00
2253910.00
2253910.00
2253910.00
2253910.00
2253910.00
2253910.00
2253910.00
2253910.00
2253910.00
2253910.00
2253910.00
2253910.00
2253910.00
2253910.00
2253910.00
2253910.00
2253910.00
2253910.00
2253910.00
2253910.00
2253910.00
2253910.00
2253910.00
2253910.00
2253910.00
2253910.00
2253910.00
2253910.00
2253910.00
2253910.00
2253910.00
2253910.00
2253910.00
2253910.00
2253910.00
2253910.00
2253910.00
2253910.00
2253910.00
2253910.00
2253910.00
2253910.00
2253910.00
2253910.00
2253910.00
2253910.00
2253910.00
2253910.00
2253910.00
2253910.00
2253910.00
2253910.00
2253910.00
2253910.00
2253910.00
2253910.00
2253910.00
2253910.00
2253910.00
2253910.00
2253910.00
2253910.00
2253910.00
2253910.00
2253910.00
2253910.00
2253910.00
2253910.00
2253910.00
2253910.00
2253910.00
2253910.00
2253910.00
2253910.00
2253910.00
2253910.00
2253910.00
2253910.00
2253910.00
2253910.00
2253910.00
2253910.00
2253910.00
2253910.00
2253910.00
2253910.00
2253910.00
2253910.00
2253910.00
2253910.00
2253910.00
2253910.00
2253910.00
2253910.00
2253910.00
2253910.00
2253910.00
2253910.00
2253910.00
2253910.00
2253910.00
2253910.00
2253910.00
2253910.00
2253910.00
2253910.00
2253910.00
2253910.00
2253910.00
2253910.00
2253910.00
2253910.00
2253910.00
2253910.00
2253910.00
2253910.00
2253910.00
2253910.00
2253910.00
2253910.00
2253910.00
2253910.00
2253910.00
2253910.00
2253910.00
2253910.00
2253910.00
2253910.00
2253910.00
2253910.00
2253910.00
2253910.00
2253910.00
2253910.00
2253910.00
2253910.00
2253910.00
2253910.00
2253910.00
2253910.00
2253910.00
2253910.00
2253910.00
2253910.00
2253910.00
2253910.00
2253910.00
2253910.00
2253910.00
2253910.00
2253910.00
2253910.00
2253910.00
2253910.00
2253910.00
2253910.00
2253910.00
2253910.00
2253910.00
2253910.00
2253910.00
2253910.00
2253910.00
2253910.00
2253910.00
2253910.00
2253910.00
2253910.00
2253910.00
2253910.00
2253910.00
2253910.00
2253910.00
2253910.00
2253910.00
2253910.00
2253910.00
2253910.00
2253910.00
2253910.00
2253910.00
2253910.00
2253910.00
2253910.00
2253910.00
2253910.00
2253910.00
2253910.00
2253910.00
2253910.00
2253910.00
2253910.00
2253910.00
2253910.00
2253910.00
2253910.00
2253910.00
2253910.00
2253910.00
2253910.00
2253910.00
1249154.94
1228641.21
1228641.21
1211626.01
1194054.72
1194054.72
1175899.53
1157121.43
1157121.43
1137680.62
1137680.62
1137680.62
1137680.62
1137680.62
1137680.62
1117710.97
1117710.97
1117710.97
1117710.97
1117710.97
1117710.97
1117710.97
1107197.00
1102070.16
1091266.06
1091266.06
1091266.06
1091266.06
1074898.89
1069487.92
1052501.50
1052501.50
1052397.97
1034916.12
1034916.12
1034916.12
1034916.12
1022870.24
1004594.46
1004594.46
 991986.88
 972687.09
 959419.37
 959419.37
 939103.32
 939103.32
 939103.32
 939103.32
 939103.32
 918169.83
 918146.09
 918146.09
 918146.09
 918146.09
 918146.09
 918146.09
 918146.09
 918146.09
 903910.00
 903910.00
 903910.00
 896713.60
 896713.60
 878198.32
 866802.51
 866802.51
 866802.51
 866802.51
 851451.81
 851451.81
 851451.81
 851451.81
 851451.81
 851451.81
 851451.81
 851451.81
 843461.22
 835563.35
 827461.05
 819303.26
 811031.91
 811031.91
 811031.91
 811031.91
 811031.91
 798467.97
 797138.87
 797138.87
 788549.47
 768398.98
 768398.98
 768398.98
 765404.63
 750662.19
 750662.19
 750572.14
 750572.14
 750572.14
 744563.55
 744563.55
 744563.55
 741549.13
 727790.35
 725431.93
 716015.78
 706505.12
 691221.30
 687162.95
 667324.35
 666818.02
 654674.73
 654164.18
 650642.69
 650642.69
 644549.29
 644549.29
 641855.57
 634097.21
 625324.72
 621312.90
 621312.90
 612376.73
 606750.38
 606007.51
 606007.51
 606007.51
 600202.84
 598256.25
 586533.74
 586533.74
 577627.54
 575260.90
 572334.83
 572334.83
 565083.39
 564988.11
 564614.49
 559651.49
 549725.99
 548933.25
 546921.78
 546921.78
 537728.94
 521859.04
 516690.95
 512646.48
 509241.71
 509241.71
 509241.71
 509241.71
 508084.39
 508084.39
 508084.39
 506452.42
 500725.56
 497849.27
 497849.27
 497797.20
 485423.04
 482253.09
 477143.28
 477143.28
 477143.28
 476607.18
 476607.18
 461574.52
 461475.14
 461475.14
 460248.22
 447276.06
 447257.39
 447257.39
 446712.42
 445735.94
 435057.61
 427725.56
 427210.91
 420942.92
 417081.53
 415284.60
 412800.75
 408582.83
 399914.08
 390460.00
 382228.20
 378543.50
 378543.50
 378543.50
 373794.27
 368691.46
 366905.22
 363967.48
 354294.50
 354294.50
 349992.99
 343038.45
 342946.89
 342946.89
 339790.33
 339790.33
 339658.52
 334562.26
 331680.52
 330973.62
 330472.53
 328920.61
 324845.67
 319696.06
 315916.68
 315588.35
 315588.35
 311981.53
 311981.53
 311981.53
 307826.78
 307826.78
 300850.44
 300850.44
 300425.94
 300425.94
 300425.94
 300425.94
 296826.82
 296826.82
 295773.91
 295773.91
 286407.93
 286407.93
 284481.67
 284481.67
 284147.48
 283801.31
 282032.51
 277021.44
 269143.60
 269143.60
 269059.30
 269059.30
 269059.30
 269059.30
 261589.10
 257344.77
 257341.66
 257341.66
 257341.66
 256003.04
 255744.99
 249702.38
 237388.57
 237388.57
 236533.27
 234962.63
 234465.50
 234465.50
 234214.26
 232677.29
 230580.96
 229014.48
 226421.37
 220480.17
 205228.22
 202861.02
 202596.56
 202596.56
 202596.56
 186304.47
 186226.81
 186211.53
 186211.53
 186150.51
 186150.51
 169024.20
 169024.20
 168828.09
 167222.73
 166859.50
 166859.50
 166859.50
 166859.50
 166677.03
 166643.82
 165750.79
 165719.10
 163627.12
 162748.03
 159034.64
 141309.65
 133970.50
 119428.93
 119428.93
 116252.76
 116252.76
 116252.76
 111706.20
 111706.20
 110959.14
 108705.03
  90149.02
  85596.04
  84943.65
  69390.57
  68741.82
  68096.27
  66669.47
  66510.16
  47220.32
  47220.32
  47220.32
  46380.87
  46380.87
  26915.06
  18723.80
  12210.86
  10732.11
  10537.18
  10521.95
  10248.36
  10068.05
   9877.13
   9825.69
   9825.69
   9812.67
   9811.36
   9526.38
   9517.15
   9512.32
   9504.76
   9504.76
   9319.38
   9318.30
   9300.28
   9279.33
   9255.03
   9255.03
   9255.03
