50 480
  0     1   144   143
  1    14   217   203
  2    60   212   152
  3    97   118    21
  4   134   365   231
  5   138   325   187
  6   143   272   129
  7   144   364   220
  8   220   255    35
  9   231   400   169
 10   264   478   214
 11   301   531   230
 12   324   444   120
 13   342   534   192
 14   402   576   174
 15   405   465    60
 16   410   462    52
 17   414   463    49
 18   419   507    88
 19   445   606   161
 20   461   652   191
 21   499   724   225
 22   541   693   152
 23   553   747   194
 24   554   615    61
 25   574   689   115
 26   576   708   132
 27   632   691    59
 28   656   726    70
 29   674   786   112
 30   711   765    54
 31   766   791    25
 32   775   882   107
 33   871   951    80
 34   886   927    41
 35   903  1104   201
 36   932  1168   236
 37   997  1055    58
 38  1023  1131   108
 39  1156  1190    34
 40  1195  1370   175
 41  1216  1445   229
 42  1259  1308    49
 43  1261  1298    37
 44  1278  1405   127
 45  1297  1433   136
 46  1333  1362    29
 47  1340  1543   203
 48  1351  1539   188
 49  1388  1528   140
